1,2,3,4,5,6,7,8,9,10,11,12,13,14,15,16,17,18,19,20,21,22,23,24,25,26,27,28,29,30,31,32,33,34,35,36,37,38,39,40,41,42,43,44,45,46,47,48,49,50,51,52,53,54,55,56,57,58,59,60,61,62,63,64,65,66,67,68,69,70,71,72,73,74,75,76,77,78,79,80,81,82,83,84,85,86,87,88,89,90,91,92,93,94,95,96,97,98,99,100,101,102,103,104,105,106,107,108,109,110,111,112,113,114,115,116,117,118,119,120,121,122,123,124,125,126,127,128,129,130,131,132,133,134,135,136,137,138,139,140,141,142,143,144,145,146,147,148,149,150,151,152,153,154,155,156,157,158,159,160,161,162,163,164,165,166,167,168,169,170,171,172,173,174,175,176,177,178,179,180,181,182,183,184,185,186,187,188,189,190,191,192,193,194,195,196,197,198,199,200,201,202,203,204,205,206,207,208,209,210,211,212,213,214,215,216,217
2,1,0.3859023,0.6212104,0.6515006,0.6212104,0.5385305,0.6212104,0.6515006,0.6212104,0.5923284,0.3679605,0.5385305,0.2900151,0.6515006,0.0019563,0.5385305,0.6515006,0.3508529,0.6515006,0.5647893,0.4047189,0.6832678,0.6515006,0.3508529,0.6515006,0.0048336,0.5647893,0.6515006,0.5923284,0.424453,0.5647893,0.6212104,0.6515006,0.2636746,0.6515006,0.0018653,0.6212104,0.5385305,0.6212104,0.5134926,0.4451494,0.6515006,0.6515006,0.6515006,0.0729143,0,0.6212104,0.6212104,0.6515006,0.0000104,0.6212104,0.2179535,0.6515006,0.5647893,0.5134926,0.5134926,0.5923284,0.6212104,0.5923284,0.6212104,0.6515006,0.5647893,0.5647893,0.4896187,0.6832678,0.5647893,0.5923284,0.0000001,0.156182,0.6515006,0.4668549,0.6515006,0.6515006,0.5923284,0.5385305,0.5385305,0.5385305,0.0475037,0.5385305,0.5923284,0.5923284,0.5923284,0.5923284,0.6515006,0.6212104,0.6515006,0.6515006,0.3345407,0.6515006,0.6212104,0.716584,0.5385305,0.6212104,0.2900151,0.5923284,0.5385305,0.6515006,0.5385305,0.5647893,0.6212104,0.5385305,0.5385305,0.3189869,0.5134926,0.4451494,0.6212104,0.5923284,0.6212104,0.6515006,0.3679605,0.6515006,0.3041562,0.0081604,0.6212104,0.188945,0.5923284,0.5923284,0.198158,0.5647893,0.6515006,0.5923284,0.5134926,0.1291,0.0475037,0.6212104,0.4896187,0.1230978,0.5647893,0.6515006,0.3508529,0.5647893,0.2078202,0.6212104,0.6515006,0.2514156,0.6212104,0.5385305,0.6515006,0.6212104,0.6515006,0.6515006,0.5923284,0.6515006,0.6515006,0.1119175,0.6212104,0.5647893,0.6212104,0.5923284,0.6212104,0.6212104,0.6212104,0.6212104,0.6515006,0,0.5134926,0.6212104,0.6515006,0.6212104,0.3859023,0.6515006,0.0764696,0.6212104,0.0729143,0.4668549,0.5647893,0.1291,0.6515006,0.6515006,0.188945,0.6212104,0.6212104,0.6212104,0.5647893,0.5923284,0.6515006,0.6212104,0.6212104,0.3679605,0.6515006,0.6515006,0.6515006,0.1291,0.1173746,0.6515006,0.5923284,0.5134926,0.6832678,0.6515006,0.1637974,0.6515006,0.4896187,0.6515006,0.6515006,0.0019563,0.5923284,0.6212104,0.6515006,0.5385305,0.5923284,0.424453,0.5134926,0.5923284,0.6515006,0.5923284,0.6212104,0.5923284,0.0000004,0.0574688,0.6212104,0.6212104,0.5134926,0.6515006,0.6212104,0.4896187,0.6515006
3,0.3859023,1,0.5134926,0.5385305,0.5134926,0.4451494,0.5647893,0.5385305,0.5134926,0.4896187,0.3041562,0.4451494,0.2397265,0.5385305,0.0013367,0.4047189,0.4896187,0.2900151,0.5385305,0.4668549,0.3345407,0.5134926,0.5385305,0.2900151,0.5385305,0.0033027,0.4668549,0.5385305,0.4896187,0.3508529,0.4668549,0.5134926,0.5385305,0.2179535,0.5385305,0.0014018,0.5134926,0.4451494,0.5134926,0.424453,0.4451494,0.5385305,0.5385305,0.5923284,0.060271,0,0.5134926,0.5134926,0.5385305,0.0000065,0.5134926,0.1801604,0.5923284,0.4668549,0.424453,0.424453,0.4451494,0.5134926,0.4896187,0.5134926,0.5385305,0.4668549,0.5134926,0.4451494,0.5134926,0.4668549,0.4896187,0.0000001,0.1291,0.5385305,0.3859023,0.5385305,0.5385305,0.5385305,0.4451494,0.4451494,0.4451494,0.0392666,0.4451494,0.4896187,0.5385305,0.4896187,0.4896187,0.5385305,0.5134926,0.5385305,0.5385305,0.2765314,0.5385305,0.5134926,0.5385305,0.4451494,0.5134926,0.2397265,0.4896187,0.4451494,0.5385305,0.4451494,0.4668549,0.5134926,0.3345407,0.4451494,0.2636746,0.424453,0.8669052,0.5134926,0.4896187,0.5134926,0.5385305,0.3041562,0.5385305,0.2765314,0.0061327,0.5134926,0.156182,0.4896187,0.4896187,0.1489206,0.4668549,0.5385305,0.5385305,0.424453,0.1067141,0.0392666,0.5647893,0.4047189,0.0841087,0.4668549,0.5385305,0.2900151,0.424453,0.1717842,0.5134926,0.5385305,0.2078202,0.5134926,0.4451494,0.5385305,0.5134926,0.5385305,0.5385305,0.4896187,0.5385305,0.5385305,0.0841087,0.5134926,0.4668549,0.5134926,0.4896187,0.5134926,0.5134926,0.5134926,0.5134926,0.5385305,0,0.4668549,0.5134926,0.5385305,0.5134926,0.3189869,0.5385305,0.0632098,0.5134926,0.060271,0.3859023,0.4668549,0.1067141,0.4896187,0.5385305,0.156182,0.5134926,0.5134926,0.5134926,0.4668549,0.4896187,0.5385305,0.5134926,0.5134926,0.3041562,0.5385305,0.5385305,0.5385305,0.1067141,0.1067141,0.5385305,0.4896187,0.424453,0.5134926,0.5385305,0.1230978,0.5385305,0.4047189,0.5385305,0.5385305,0.0017786,0.4896187,0.5134926,0.5385305,0.4896187,0.4896187,0.3859023,0.3859023,0.4896187,0.5385305,0.4896187,0.5134926,0.4896187,0.0000002,0.0392666,0.5134926,0.5134926,0.424453,0.5385305,0.5134926,0.4047189,0.5385305
4,0.6212104,0.5134926,1,0.8669052,0.8266001,0.716584,0.8266001,0.8669052,0.8266001,0.788169,0.4896187,0.716584,0.3859023,0.8669052,0.0023666,0.6515006,0.788169,0.4668549,0.8669052,0.7515246,0.5385305,0.8266001,0.8669052,0.4668549,0.8669052,0.0053165,0.7515246,0.8669052,0.788169,0.5647893,0.7515246,0.8266001,0.8669052,0.3508529,0.8669052,0.0022566,0.8266001,0.716584,0.8266001,0.6832678,0.5923284,0.8669052,0.8669052,0.8669052,0.0970219,0,0.8266001,0.8266001,0.8669052,0.0000104,0.8266001,0.2900151,0.8669052,0.7515246,0.6832678,0.6832678,0.716584,0.8266001,0.788169,0.8266001,0.8669052,0.7515246,0.7515246,0.6515006,0.8266001,0.7515246,0.788169,0.0000001,0.2078202,0.953507,0.6212104,0.8669052,0.8669052,0.788169,0.716584,0.716584,0.716584,0.0632098,0.716584,0.788169,0.788169,0.788169,0.788169,0.8669052,0.8266001,0.8669052,0.8669052,0.4451494,0.8669052,0.8266001,0.8669052,0.716584,0.8266001,0.3859023,0.788169,0.716584,0.8669052,0.716584,0.7515246,0.8266001,0.5385305,0.716584,0.424453,0.6832678,0.5923284,0.8266001,0.788169,0.8266001,0.8669052,0.4896187,0.8669052,0.4047189,0.0098722,0.8266001,0.2514156,0.788169,0.788169,0.2397265,0.7515246,0.8669052,0.8669052,0.6832678,0.1717842,0.0632098,0.8266001,0.6515006,0.135395,0.7515246,0.8669052,0.4668549,0.6832678,0.2765314,0.8266001,0.8669052,0.3345407,0.9091755,0.716584,0.8669052,0.8266001,0.8669052,0.8669052,0.788169,0.8669052,0.8669052,0.135395,0.8266001,0.7515246,0.8266001,0.788169,0.8266001,0.8266001,0.8266001,0.8266001,0.8669052,0,0.6832678,0.8266001,0.8669052,0.8266001,0.5134926,0.8669052,0.1017526,0.8266001,0.0970219,0.6212104,0.7515246,0.1717842,0.788169,0.8669052,0.2514156,0.8266001,0.8266001,0.8266001,0.7515246,0.788169,0.8669052,0.8266001,0.8266001,0.4896187,0.8669052,0.8669052,0.8669052,0.1717842,0.156182,0.8669052,0.788169,0.6832678,0.8266001,0.8669052,0.198158,0.8669052,0.6515006,0.8669052,0.8669052,0.0026031,0.788169,0.8266001,0.8669052,0.716584,0.788169,0.5647893,0.6212104,0.788169,0.8669052,0.788169,0.8266001,0.788169,0.0000004,0.0632098,0.8266001,0.8266001,0.6832678,0.8669052,0.9091755,0.6515006,0.8669052
5,0.6515006,0.5385305,0.8669052,1,0.8669052,0.7515246,0.8669052,0.9091755,0.8669052,0.8266001,0.5134926,0.7515246,0.4047189,0.9091755,0.002482,0.6832678,0.8266001,0.4896187,0.9091755,0.788169,0.5647893,0.8669052,0.9091755,0.4896187,0.9091755,0.0055757,0.788169,0.9091755,0.8266001,0.5923284,0.788169,0.8669052,0.9091755,0.3679605,0.9091755,0.0023666,0.8669052,0.7515246,0.8669052,0.716584,0.6212104,0.9091755,0.9091755,0.9091755,0.1017526,0,0.8669052,0.8669052,0.9091755,0.0000109,0.8669052,0.3041562,0.9091755,0.788169,0.716584,0.716584,0.7515246,0.8669052,0.8266001,0.8669052,0.9091755,0.788169,0.788169,0.6832678,0.8669052,0.788169,0.8266001,0.0000001,0.2179535,0.9091755,0.6515006,0.9091755,0.9091755,0.8266001,0.7515246,0.7515246,0.7515246,0.0662919,0.7515246,0.8266001,0.8266001,0.8266001,0.8266001,0.9091755,0.8669052,0.9091755,0.9091755,0.4668549,0.9091755,0.8669052,0.9091755,0.7515246,0.8669052,0.4047189,0.8266001,0.7515246,0.9091755,0.7515246,0.788169,0.8669052,0.5647893,0.7515246,0.4896187,0.716584,0.6212104,0.8669052,0.8266001,0.8669052,0.9091755,0.5134926,0.9091755,0.424453,0.0103536,0.8669052,0.2636746,0.8266001,0.8266001,0.2765314,0.788169,0.9091755,0.8266001,0.716584,0.1801604,0.0662919,0.8669052,0.6832678,0.1419968,0.788169,0.9091755,0.4896187,0.716584,0.2900151,0.8669052,0.9091755,0.3508529,0.8669052,0.7515246,0.9091755,0.8669052,0.9091755,0.9091755,0.8266001,0.9091755,0.9091755,0.1419968,0.8669052,0.788169,0.8669052,0.8266001,0.8669052,0.8669052,0.8669052,0.8669052,0.9091755,0,0.716584,0.8669052,0.9091755,0.8669052,0.5385305,0.9091755,0.1067141,0.8669052,0.1017526,0.6515006,0.788169,0.1801604,0.8266001,0.9091755,0.2636746,0.8669052,0.8669052,0.8669052,0.788169,0.8266001,0.9091755,0.8669052,0.8669052,0.5134926,0.9091755,0.9091755,0.9091755,0.1801604,0.1637974,0.9091755,0.8266001,0.716584,0.8669052,0.9091755,0.2078202,0.9091755,0.6832678,0.9091755,0.9091755,0.00273,0.8266001,0.8669052,0.9091755,0.7515246,0.8266001,0.5923284,0.6515006,0.8266001,0.9091755,0.8266001,0.8669052,0.8266001,0.0000004,0.0662919,0.8669052,0.8669052,0.716584,0.9091755,0.8669052,0.6832678,0.9091755
6,0.6212104,0.5134926,0.8266001,0.8669052,1,0.716584,0.8266001,0.8669052,0.8266001,0.788169,0.4896187,0.716584,0.3859023,0.8669052,0.0021517,0.6515006,0.788169,0.4668549,0.8669052,0.7515246,0.5385305,0.8266001,0.8669052,0.4668549,0.8669052,0.0053165,0.7515246,0.8669052,0.788169,0.5647893,0.7515246,0.8266001,0.8669052,0.3508529,0.8669052,0.0022566,0.8266001,0.716584,0.8266001,0.6832678,0.5923284,0.8669052,0.8669052,0.8669052,0.0970219,0,0.8266001,0.9091755,0.8669052,0.0000104,0.8266001,0.2900151,0.8669052,0.7515246,0.6832678,0.6832678,0.788169,0.8266001,0.788169,0.8266001,0.8669052,0.7515246,0.7515246,0.6515006,0.8266001,0.7515246,0.788169,0.0000001,0.2285809,0.8669052,0.6212104,0.8669052,0.8669052,0.788169,0.716584,0.716584,0.716584,0.0632098,0.716584,0.788169,0.788169,0.788169,0.788169,0.8669052,0.8266001,0.8669052,0.8669052,0.4451494,0.8669052,0.8266001,0.8669052,0.716584,0.8266001,0.424453,0.788169,0.716584,0.8669052,0.716584,0.7515246,0.8266001,0.5385305,0.716584,0.424453,0.6832678,0.5923284,0.8266001,0.788169,0.8266001,0.8669052,0.4896187,0.8669052,0.4047189,0.0098722,0.8266001,0.2514156,0.788169,0.788169,0.2397265,0.7515246,0.8669052,0.788169,0.6832678,0.1717842,0.0632098,0.8266001,0.6515006,0.135395,0.7515246,0.8669052,0.4668549,0.6832678,0.2765314,0.8266001,0.8669052,0.3345407,0.8266001,0.716584,0.8669052,0.8266001,0.8669052,0.8669052,0.8669052,0.8669052,0.8669052,0.135395,0.8266001,0.7515246,0.8266001,0.788169,0.8266001,0.8266001,0.8266001,0.8266001,0.8669052,0,0.6832678,0.8266001,0.8669052,0.8266001,0.5134926,0.8669052,0.1017526,0.8266001,0.0882099,0.6212104,0.7515246,0.1717842,0.788169,0.8669052,0.2514156,0.8266001,0.8266001,0.8266001,0.7515246,0.788169,0.8669052,0.8266001,0.8266001,0.4896187,0.8669052,0.8669052,0.8669052,0.1717842,0.156182,0.8669052,0.788169,0.6832678,0.8266001,0.8669052,0.198158,0.8669052,0.6515006,0.8669052,0.8669052,0.0026031,0.788169,0.8266001,0.8669052,0.716584,0.788169,0.5647893,0.6212104,0.788169,0.8669052,0.788169,0.8266001,0.788169,0.0000004,0.0632098,0.8266001,0.8266001,0.6832678,0.8669052,0.8266001,0.6515006,0.8669052
7,0.5385305,0.4451494,0.716584,0.7515246,0.716584,1,0.716584,0.7515246,0.716584,0.6832678,0.424453,0.6212104,0.3345407,0.7515246,0.0018653,0.5647893,0.6832678,0.4047189,0.7515246,0.6515006,0.4668549,0.716584,0.7515246,0.4047189,0.7515246,0.0046089,0.6515006,0.7515246,0.6832678,0.4896187,0.6515006,0.716584,0.7515246,0.3041562,0.7515246,0.0019563,0.716584,0.6212104,0.716584,0.5923284,0.5134926,0.7515246,0.7515246,0.7515246,0.0841087,0,0.716584,0.716584,0.7515246,0.000009,0.716584,0.2514156,0.7515246,0.6515006,0.5923284,0.5923284,0.6212104,0.716584,0.6832678,0.716584,0.7515246,0.6515006,0.6515006,0.5647893,0.716584,0.6515006,0.6832678,0.0000001,0.1801604,0.7515246,0.5385305,0.7515246,0.7515246,0.6832678,0.6212104,0.6212104,0.6212104,0.0547969,0.6212104,0.6832678,0.6832678,0.6832678,0.6832678,0.7515246,0.716584,0.7515246,0.7515246,0.3859023,0.7515246,0.716584,0.7515246,0.6212104,0.716584,0.3345407,0.9091755,0.6212104,0.7515246,0.6212104,0.6515006,0.716584,0.4668549,0.6212104,0.3679605,0.5923284,0.5134926,0.716584,0.6832678,0.716584,0.7515246,0.424453,0.7515246,0.3508529,0.0085583,0.716584,0.2179535,0.6832678,0.6832678,0.2078202,0.6515006,0.7515246,0.6832678,0.5923284,0.1489206,0.0547969,0.716584,0.7515246,0.1173746,0.6515006,0.7515246,0.4047189,0.5923284,0.2397265,0.716584,0.7515246,0.2900151,0.716584,0.6212104,0.7515246,0.716584,0.7515246,0.7515246,0.6832678,0.7515246,0.7515246,0.1067141,0.716584,0.6515006,0.716584,0.6832678,0.716584,0.716584,0.716584,0.716584,0.7515246,0,0.5923284,0.716584,0.7515246,0.716584,0.4451494,0.7515246,0.0882099,0.716584,0.0764696,0.5385305,0.6515006,0.1489206,0.6832678,0.7515246,0.2179535,0.716584,0.716584,0.716584,0.8669052,0.9091755,0.7515246,0.716584,0.716584,0.424453,0.7515246,0.7515246,0.7515246,0.1489206,0.135395,0.7515246,0.6832678,0.5923284,0.716584,0.7515246,0.1717842,0.7515246,0.5647893,0.7515246,0.7515246,0.0022566,0.6832678,0.716584,0.7515246,0.6212104,0.6832678,0.4896187,0.5385305,0.6832678,0.7515246,0.6832678,0.716584,0.6832678,0.0000003,0.0547969,0.8669052,0.716584,0.5923284,0.7515246,0.716584,0.5647893,0.7515246
8,0.6212104,0.5647893,0.8266001,0.8669052,0.8266001,0.716584,1,0.8669052,0.9091755,0.788169,0.5385305,0.716584,0.3859023,0.8669052,0.0023666,0.6515006,0.788169,0.4668549,0.8669052,0.7515246,0.5385305,0.8266001,0.8669052,0.4668549,0.8669052,0.0053165,0.7515246,0.953507,0.788169,0.5647893,0.7515246,0.8266001,0.8669052,0.3508529,0.8669052,0.0022566,0.8266001,0.716584,0.8266001,0.6832678,0.6515006,0.8669052,0.8669052,0.953507,0.0970219,0,0.8266001,0.8266001,0.8669052,0.0000104,0.8266001,0.2900151,0.953507,0.7515246,0.6832678,0.6832678,0.716584,0.8266001,0.788169,0.8266001,0.8669052,0.7515246,0.9091755,0.716584,0.8266001,0.7515246,0.788169,0.0000001,0.2078202,0.8669052,0.6212104,0.8669052,0.8669052,0.953507,0.716584,0.716584,0.716584,0.0632098,0.788169,0.788169,0.8669052,0.788169,0.788169,0.8669052,0.8266001,0.8669052,0.8669052,0.4451494,0.8669052,0.8266001,0.8669052,0.716584,0.8266001,0.3859023,0.788169,0.716584,0.8669052,0.716584,0.7515246,0.8266001,0.5385305,0.716584,0.424453,0.6832678,0.5923284,0.8266001,0.788169,0.8266001,0.8669052,0.4896187,0.8669052,0.4451494,0.0098722,0.8266001,0.2514156,0.788169,0.788169,0.2397265,0.7515246,0.8669052,0.8669052,0.6832678,0.1717842,0.0632098,1,0.6515006,0.135395,0.7515246,0.8669052,0.4668549,0.6832678,0.2765314,0.8266001,0.8669052,0.3345407,0.8266001,0.716584,0.8669052,0.8266001,0.8669052,0.8669052,0.788169,0.8669052,0.8669052,0.135395,0.8266001,0.7515246,0.8266001,0.788169,0.8266001,0.8266001,0.8266001,0.8266001,0.8669052,0,0.7515246,0.8266001,0.8669052,0.8266001,0.5134926,0.8669052,0.1017526,0.8266001,0.0882099,0.6212104,0.7515246,0.1717842,0.788169,0.8669052,0.2514156,0.8266001,0.8266001,0.8266001,0.7515246,0.788169,0.8669052,0.8266001,0.8266001,0.4896187,0.8669052,0.8669052,0.8669052,0.1717842,0.1717842,0.8669052,0.788169,0.6832678,0.8266001,0.8669052,0.198158,0.8669052,0.6515006,0.8669052,0.8669052,0.0031491,0.788169,0.8266001,0.8669052,0.788169,0.788169,0.6212104,0.6212104,0.788169,0.8669052,0.788169,0.8266001,0.788169,0.0000004,0.0632098,0.8266001,0.8266001,0.6832678,0.8669052,0.8266001,0.6515006,0.8669052
9,0.6515006,0.5385305,0.8669052,0.9091755,0.8669052,0.7515246,0.8669052,1,0.8669052,0.8266001,0.5134926,0.7515246,0.4047189,0.9091755,0.0022566,0.6832678,0.8266001,0.4896187,0.9091755,0.788169,0.5647893,0.8669052,0.9091755,0.4896187,0.9091755,0.0055757,0.788169,0.9091755,0.8266001,0.5923284,0.788169,0.8669052,0.9091755,0.3679605,0.9091755,0.0023666,0.8669052,0.7515246,0.8669052,0.716584,0.6212104,0.9091755,0.9091755,0.9091755,0.1017526,0,0.8669052,0.8669052,0.9091755,0.0000109,0.8669052,0.3041562,0.9091755,0.788169,0.716584,0.716584,0.7515246,0.8669052,0.8266001,0.8669052,0.9091755,0.788169,0.788169,0.6832678,0.8669052,0.788169,0.8266001,0.0000001,0.2179535,0.9091755,0.6515006,0.9091755,0.9091755,0.8266001,0.7515246,0.7515246,0.7515246,0.0662919,0.7515246,0.8266001,0.8266001,0.8266001,0.8266001,0.9091755,0.8669052,0.9091755,0.9091755,0.4668549,0.9091755,0.8669052,0.9091755,0.7515246,0.8669052,0.4047189,0.8266001,0.7515246,0.9091755,0.7515246,0.788169,0.8669052,0.5647893,0.7515246,0.4451494,0.716584,0.6212104,0.8669052,0.8266001,0.8669052,0.9091755,0.5134926,0.9091755,0.424453,0.0103536,0.8669052,0.2636746,0.8266001,0.8266001,0.2514156,0.788169,0.9091755,0.8266001,0.716584,0.1801604,0.0662919,0.8669052,0.6832678,0.1419968,0.788169,0.9091755,0.4896187,0.716584,0.2900151,0.8669052,0.9091755,0.3508529,0.8669052,0.7515246,0.9091755,0.8669052,0.9091755,0.9091755,0.8266001,0.9091755,0.9091755,0.1291,0.8669052,0.788169,0.8669052,0.8266001,0.8669052,0.8669052,0.8669052,0.8669052,0.9091755,0,0.716584,0.8669052,0.9091755,0.8669052,0.5385305,0.9091755,0.1067141,0.8669052,0.092511,0.6515006,0.788169,0.1801604,0.8266001,0.9091755,0.2636746,0.8669052,0.8669052,0.8669052,0.788169,0.8266001,0.9091755,0.8669052,0.8669052,0.5134926,0.9091755,0.9091755,0.9091755,0.1801604,0.1637974,0.9091755,0.8266001,0.716584,0.8669052,0.9091755,0.2078202,0.9091755,0.6832678,0.9091755,0.9091755,0.00273,0.8266001,0.8669052,0.9091755,0.7515246,0.8266001,0.5923284,0.6515006,0.8266001,0.9091755,0.8266001,0.8669052,0.8266001,0.0000004,0.0662919,0.8669052,0.8669052,0.716584,0.9091755,0.8669052,0.6832678,0.9091755
10,0.6212104,0.5134926,0.8266001,0.8669052,0.8266001,0.716584,0.9091755,0.8669052,1,0.788169,0.5385305,0.716584,0.3859023,0.8669052,0.0023666,0.6515006,0.788169,0.4668549,0.8669052,0.7515246,0.5385305,0.8266001,0.8669052,0.4668549,0.8669052,0.0053165,0.8266001,0.953507,0.788169,0.5647893,0.7515246,0.8266001,0.8669052,0.3508529,0.8669052,0.0022566,0.8266001,0.716584,0.8266001,0.7515246,0.5923284,0.8669052,0.8669052,0.8669052,0.0970219,0,0.8266001,0.8266001,0.8669052,0.0000104,0.8266001,0.2900151,0.8669052,0.7515246,0.6832678,0.6832678,0.716584,0.8266001,0.788169,0.8266001,0.8669052,0.7515246,0.8266001,0.6515006,0.8266001,0.8266001,0.788169,0.0000001,0.2078202,0.8669052,0.6212104,0.8669052,0.8669052,0.8669052,0.716584,0.716584,0.716584,0.0632098,0.788169,0.788169,0.788169,0.788169,0.788169,0.8669052,0.8266001,0.8669052,0.8669052,0.4451494,0.8669052,0.8266001,0.8669052,0.716584,0.8266001,0.3859023,0.788169,0.716584,0.8669052,0.716584,0.7515246,0.8266001,0.5385305,0.716584,0.424453,0.6832678,0.5923284,0.8266001,0.788169,0.8266001,0.8669052,0.4896187,0.8669052,0.4047189,0.0098722,0.8266001,0.2514156,0.788169,0.788169,0.2397265,0.7515246,0.8669052,0.788169,0.6832678,0.1717842,0.0632098,0.9091755,0.6515006,0.135395,0.7515246,0.8669052,0.4668549,0.6832678,0.2765314,0.8266001,0.8669052,0.3345407,0.8266001,0.716584,0.8669052,0.8266001,0.8669052,0.8669052,0.788169,0.8669052,0.8669052,0.1230978,0.8266001,0.7515246,0.8266001,0.788169,0.8266001,0.8266001,0.8266001,0.8266001,0.8669052,0,0.6832678,0.8266001,0.8669052,0.8266001,0.5134926,0.8669052,0.1017526,0.8266001,0.0882099,0.6212104,0.7515246,0.1717842,0.788169,0.8669052,0.2514156,0.8266001,0.8266001,0.8266001,0.7515246,0.788169,0.8669052,0.8266001,0.8266001,0.4896187,0.8669052,0.8669052,0.8669052,0.1717842,0.156182,0.8669052,0.788169,0.6832678,0.8266001,0.8669052,0.198158,0.8669052,0.6515006,0.8669052,0.8669052,0.0031491,0.788169,0.8266001,0.8669052,0.716584,0.788169,0.5647893,0.6212104,0.788169,0.8669052,0.788169,0.8266001,0.788169,0.0000004,0.0632098,0.8266001,0.8266001,0.6832678,0.8669052,0.8266001,0.6515006,0.8669052
11,0.5923284,0.4896187,0.788169,0.8266001,0.788169,0.6832678,0.788169,0.8266001,0.788169,1,0.4668549,0.6832678,0.3679605,0.8266001,0.0020516,0.6212104,0.7515246,0.4451494,0.8266001,0.716584,0.5134926,0.788169,0.8266001,0.4451494,0.8266001,0.0050693,0.716584,0.8266001,0.7515246,0.5385305,0.716584,0.788169,0.8266001,0.3345407,0.8266001,0.0021517,0.788169,0.6832678,0.788169,0.6515006,0.5647893,0.8266001,0.8266001,0.8266001,0.092511,0,0.788169,0.788169,0.8266001,0.0000099,0.788169,0.2765314,0.8266001,0.716584,0.6515006,0.6515006,0.6832678,0.788169,0.7515246,0.788169,0.8266001,0.716584,0.716584,0.6212104,0.788169,0.716584,0.7515246,0.0000001,0.198158,0.8266001,0.5923284,0.8266001,0.8266001,0.7515246,0.6832678,0.6832678,0.6832678,0.060271,0.6832678,0.7515246,0.7515246,0.7515246,0.7515246,0.8266001,0.788169,0.8266001,0.8266001,0.424453,0.8266001,0.788169,0.8266001,0.6832678,0.788169,0.3679605,0.7515246,0.6832678,0.8266001,0.6832678,0.716584,0.788169,0.5134926,0.6832678,0.4047189,0.6515006,0.5647893,0.788169,0.7515246,0.788169,0.8266001,0.4668549,0.8266001,0.3859023,0.0094132,0.788169,0.2397265,0.7515246,0.7515246,0.2285809,0.716584,0.8266001,0.7515246,0.6515006,0.1637974,0.060271,0.788169,0.6212104,0.1291,0.716584,0.8266001,0.4451494,0.6515006,0.2636746,0.788169,0.8266001,0.3189869,0.788169,0.6832678,0.8266001,0.788169,0.8266001,0.8266001,0.7515246,0.8266001,0.8266001,0.1173746,0.788169,0.716584,0.788169,0.7515246,0.788169,0.788169,0.788169,0.788169,0.8266001,0,0.6515006,0.788169,0.8266001,0.788169,0.4896187,0.8266001,0.0970219,0.788169,0.0841087,0.5923284,0.716584,0.1637974,0.7515246,0.8266001,0.2397265,0.788169,0.788169,0.788169,0.716584,0.7515246,0.8266001,0.788169,0.788169,0.4668549,0.8266001,0.8266001,0.8266001,0.1637974,0.1489206,0.8266001,0.7515246,0.6515006,0.788169,0.8266001,0.188945,0.8266001,0.6212104,0.8266001,0.8266001,0.002482,0.7515246,0.788169,0.8266001,0.6832678,0.7515246,0.5385305,0.5923284,0.7515246,0.8266001,0.7515246,0.788169,0.7515246,0.0000004,0.060271,0.788169,0.788169,0.6515006,0.8266001,0.788169,0.6212104,0.8266001
12,0.3679605,0.3041562,0.4896187,0.5134926,0.4896187,0.424453,0.5385305,0.5134926,0.5385305,0.4668549,1,0.424453,0.2765314,0.5134926,0.0014018,0.3859023,0.4668549,0.3041562,0.5134926,0.4451494,0.3189869,0.4896187,0.5134926,0.2765314,0.5134926,0.0031491,0.4451494,0.5647893,0.4668549,0.3345407,0.4451494,0.5385305,0.5134926,0.2078202,0.5134926,0.0013367,0.4896187,0.424453,0.4896187,0.4047189,0.3508529,0.5134926,0.5134926,0.5134926,0.0574688,0,0.4896187,0.4896187,0.5134926,0.0000062,0.5385305,0.1717842,0.5134926,0.4451494,0.4047189,0.4047189,0.424453,0.4896187,0.4668549,0.4896187,0.5134926,0.4451494,0.5385305,0.3859023,0.4896187,0.4451494,0.4668549,0.0000001,0.1230978,0.5134926,0.3679605,0.5134926,0.5134926,0.5134926,0.4668549,0.424453,0.424453,0.037441,0.4668549,0.4668549,0.4668549,0.4668549,0.5134926,0.5134926,0.4896187,0.5134926,0.5134926,0.2636746,0.5134926,0.4896187,0.5134926,0.424453,0.4896187,0.2285809,0.4668549,0.424453,0.5134926,0.424453,0.4451494,0.4896187,0.3189869,0.424453,0.2514156,0.4047189,0.3508529,0.5385305,0.4668549,0.4896187,0.5134926,0.2900151,0.5134926,0.2397265,0.0058476,0.4896187,0.1489206,0.4668549,0.4668549,0.1419968,0.4451494,0.5134926,0.4668549,0.4047189,0.1017526,0.037441,0.5385305,0.3859023,0.0801983,0.4451494,0.5134926,0.3345407,0.4047189,0.1637974,0.4896187,0.5134926,0.198158,0.4896187,0.424453,0.5134926,0.4896187,0.5134926,0.5134926,0.4668549,0.5134926,0.5134926,0.0729143,0.4896187,0.4451494,0.4896187,0.4668549,0.4896187,0.4896187,0.4896187,0.4896187,0.5134926,0,0.4451494,0.4896187,0.5134926,0.4896187,0.3345407,0.5134926,0.060271,0.4896187,0.0522492,0.3679605,0.4451494,0.1017526,0.4668549,0.5134926,0.1637974,0.4896187,0.4896187,0.5385305,0.4451494,0.4668549,0.5647893,0.4896187,0.4896187,0.2900151,0.5134926,0.5134926,0.5134926,0.1017526,0.1017526,0.5134926,0.4668549,0.4047189,0.4896187,0.5134926,0.1717842,0.5134926,0.3859023,0.5134926,0.5134926,0.00273,0.4668549,0.4896187,0.5134926,0.424453,0.4668549,0.3345407,0.3679605,0.4668549,0.5647893,0.4668549,0.4896187,0.4668549,0.0000003,0.037441,0.4896187,0.4896187,0.4047189,0.5134926,0.4896187,0.5134926,0.5134926
13,0.5385305,0.4451494,0.716584,0.7515246,0.716584,0.6212104,0.716584,0.7515246,0.716584,0.6832678,0.424453,1,0.3345407,0.7515246,0.0018653,0.5647893,0.7515246,0.4047189,0.7515246,0.6515006,0.4668549,0.716584,0.7515246,0.4047189,0.7515246,0.0046089,0.6515006,0.7515246,0.6832678,0.4896187,0.6515006,0.716584,0.7515246,0.3041562,0.7515246,0.0019563,0.716584,0.6212104,0.716584,0.5923284,0.5647893,0.7515246,0.7515246,0.7515246,0.0841087,0,0.716584,0.716584,0.7515246,0.000009,0.716584,0.2514156,0.7515246,0.6515006,0.5923284,0.5923284,0.6212104,0.716584,0.6832678,0.716584,0.7515246,0.6515006,0.6515006,0.5647893,0.716584,0.6515006,0.6832678,0.0000001,0.1801604,0.7515246,0.5385305,0.7515246,0.7515246,0.6832678,0.6212104,0.6212104,0.6212104,0.0547969,0.6212104,0.6832678,0.6832678,0.6832678,0.6832678,0.7515246,0.716584,0.7515246,0.7515246,0.3859023,0.7515246,0.716584,0.7515246,0.6212104,0.716584,0.3345407,0.6832678,0.6212104,0.7515246,0.6212104,0.6515006,0.716584,0.4668549,0.6212104,0.3679605,0.5923284,0.5134926,0.716584,0.6832678,0.716584,0.7515246,0.424453,0.7515246,0.3508529,0.0085583,0.716584,0.2179535,0.6832678,0.6832678,0.2078202,0.6515006,0.7515246,0.6832678,0.5923284,0.1489206,0.0547969,0.716584,0.5647893,0.1173746,0.6515006,0.7515246,0.4047189,0.6515006,0.2397265,0.716584,0.7515246,0.2900151,0.716584,0.6212104,0.7515246,0.716584,0.7515246,0.7515246,0.6832678,0.7515246,0.7515246,0.1067141,0.716584,0.6515006,0.716584,0.6832678,0.716584,0.716584,0.716584,0.716584,0.7515246,0,0.5923284,0.716584,0.7515246,0.716584,0.4451494,0.7515246,0.0970219,0.716584,0.0764696,0.5385305,0.6515006,0.1637974,0.6832678,0.7515246,0.2179535,0.716584,0.716584,0.716584,0.6515006,0.6832678,0.7515246,0.716584,0.716584,0.424453,0.7515246,0.7515246,0.7515246,0.1489206,0.135395,0.7515246,0.6832678,0.716584,0.716584,0.7515246,0.1717842,0.7515246,0.7515246,0.7515246,0.7515246,0.002482,0.6832678,0.716584,0.7515246,0.6212104,0.6832678,0.4896187,0.5385305,0.6832678,0.7515246,0.6832678,0.716584,0.6832678,0.0000003,0.0547969,0.716584,0.716584,0.5923284,0.7515246,0.716584,0.5647893,0.7515246
14,0.2900151,0.2397265,0.3859023,0.4047189,0.3859023,0.3345407,0.3859023,0.4047189,0.3859023,0.3679605,0.2765314,0.3345407,1,0.4047189,0.0010045,0.3041562,0.3679605,0.2397265,0.4047189,0.3508529,0.2514156,0.3859023,0.4047189,0.2179535,0.4451494,0.0030027,0.3508529,0.4047189,0.3679605,0.2636746,0.3508529,0.3859023,0.4047189,0.1637974,0.4047189,0.0014018,0.3859023,0.3345407,0.3859023,0.3189869,0.2765314,0.4047189,0.4047189,0.4047189,0.0452951,0,0.3859023,0.3859023,0.4047189,0.0000126,0.3859023,0.135395,0.4047189,0.3508529,0.3189869,0.3189869,0.3345407,0.3859023,0.3679605,0.3859023,0.4047189,0.3508529,0.3508529,0.3041562,0.3859023,0.3508529,0.3679605,0.0000001,0.0970219,0.4047189,0.2900151,0.4047189,0.4047189,0.3679605,0.3345407,0.3345407,0.3679605,0.0295098,0.3345407,0.3679605,0.4047189,0.3679605,0.3679605,0.4047189,0.3859023,0.4047189,0.4047189,0.2078202,0.4047189,0.3859023,0.4047189,0.3679605,0.3859023,0.1801604,0.3679605,0.3679605,0.4047189,0.3345407,0.3508529,0.3859023,0.2514156,0.3345407,0.198158,0.3189869,0.2765314,0.3859023,0.3679605,0.3859023,0.4047189,0.2285809,0.4047189,0.2078202,0.0067454,0.3859023,0.1173746,0.3679605,0.3679605,0.135395,0.3508529,0.4047189,0.3679605,0.3189869,0.0801983,0.0295098,0.3859023,0.3041562,0.0764696,0.3508529,0.4047189,0.3508529,0.3189869,0.1291,0.3859023,0.4047189,0.156182,0.3859023,0.3345407,0.4047189,0.3859023,0.4047189,0.4047189,0.3679605,0.4047189,0.4047189,0.0574688,0.3859023,0.3508529,0.3859023,0.3679605,0.3859023,0.3859023,0.3859023,0.3859023,0.4047189,0,0.3189869,0.3859023,0.4047189,0.3859023,0.2397265,0.4047189,0.0522492,0.3859023,0.0411812,0.2900151,0.3508529,0.0801983,0.3679605,0.4047189,0.1173746,0.3859023,0.3859023,0.3859023,0.3508529,0.3679605,0.4047189,0.3859023,0.3859023,0.2285809,0.4047189,0.4047189,0.4047189,0.0801983,0.0729143,0.4047189,0.3679605,0.3189869,0.3859023,0.4047189,0.1017526,0.4047189,0.3041562,0.4047189,0.4047189,0.0014702,0.3679605,0.3859023,0.4047189,0.3345407,0.3679605,0.2636746,0.2900151,0.3679605,0.4047189,0.3679605,0.3859023,0.3679605,0.0000004,0.0295098,0.3859023,0.3859023,0.3189869,0.4047189,0.3859023,0.3345407,0.4047189
15,0.6515006,0.5385305,0.8669052,0.9091755,0.8669052,0.7515246,0.8669052,0.9091755,0.8669052,0.8266001,0.5134926,0.7515246,0.4047189,1,0.0022566,0.6832678,0.8266001,0.4896187,0.9091755,0.788169,0.5647893,0.8669052,0.9091755,0.4896187,0.9091755,0.0055757,0.788169,0.9091755,0.8266001,0.5923284,0.788169,0.8669052,0.9091755,0.3679605,0.9091755,0.0023666,0.8669052,0.7515246,0.8669052,0.716584,0.6212104,0.9091755,0.9091755,0.9091755,0.1017526,0,0.8669052,0.8669052,0.9091755,0.000012,0.8669052,0.3041562,0.9091755,0.788169,0.716584,0.716584,0.7515246,0.8669052,0.8266001,0.8669052,0.9091755,0.788169,0.788169,0.6832678,0.8669052,0.788169,0.8266001,0.0000001,0.2179535,0.9091755,0.6515006,0.9091755,0.9091755,0.8266001,0.7515246,0.7515246,0.7515246,0.0662919,0.7515246,0.8266001,0.8266001,0.8266001,0.8266001,0.9091755,0.8669052,0.9091755,0.9091755,0.4668549,0.9091755,0.8669052,0.9091755,0.7515246,0.8669052,0.4047189,0.8266001,0.7515246,0.9091755,0.7515246,0.788169,0.8669052,0.5647893,0.7515246,0.4451494,0.716584,0.6212104,0.8669052,0.8266001,0.8669052,0.9091755,0.5134926,0.9091755,0.424453,0.0103536,0.8669052,0.2636746,0.8266001,0.8266001,0.2514156,0.788169,0.9091755,0.8266001,0.716584,0.1801604,0.0662919,0.8669052,0.6832678,0.1419968,0.788169,0.9091755,0.4896187,0.716584,0.2900151,0.8669052,0.9091755,0.3508529,0.8669052,0.7515246,0.9091755,0.8669052,0.9091755,0.9091755,0.8266001,0.9091755,0.9091755,0.1291,0.8669052,0.788169,0.8669052,0.8266001,0.8669052,0.8669052,0.8669052,0.8669052,0.9091755,0,0.716584,0.8669052,0.9091755,0.8669052,0.5385305,0.9091755,0.1067141,0.8669052,0.092511,0.6515006,0.788169,0.1801604,0.8266001,0.9091755,0.2636746,0.8669052,0.8669052,0.8669052,0.788169,0.8266001,0.9091755,0.8669052,0.8669052,0.5134926,0.9091755,0.9091755,0.9091755,0.1801604,0.1637974,0.9091755,0.8266001,0.716584,0.8669052,0.9091755,0.2078202,0.9091755,0.6832678,0.9091755,0.9091755,0.00273,0.8266001,0.8669052,0.9091755,0.7515246,0.8266001,0.5923284,0.6515006,0.8266001,0.9091755,0.8266001,0.8669052,0.8266001,0.0000004,0.0662919,0.8669052,0.8669052,0.716584,0.9091755,0.8669052,0.6832678,0.9091755
16,0.0019563,0.0013367,0.0023666,0.002482,0.0021517,0.0018653,0.0023666,0.0022566,0.0023666,0.0020516,0.0014018,0.0018653,0.0010045,0.0022566,1,0.0020516,0.0020516,0.0012152,0.0022566,0.0021517,0.002482,0.0021517,0.0022566,0.0012152,0.0022566,0.0000768,0.0021517,0.002482,0.0020516,0.0014702,0.0019563,0.0021517,0.0022566,0.001617,0.0022566,0.0000086,0.0023666,0.0022566,0.0023666,0.0019563,0.0016959,0.0022566,0.0022566,0.0022566,0.0003055,0,0.0021517,0.0021517,0.002482,0.0000018,0.0021517,0.0010045,0.0022566,0.0028631,0.0019563,0.0019563,0.002482,0.0026031,0.00273,0.0021517,0.002482,0.0021517,0.0021517,0.0018653,0.0021517,0.0023666,0.0020516,0.0000001,0.0022566,0.0022566,0.001617,0.0022566,0.0022566,0.002482,0.0018653,0.00273,0.0020516,0.0340404,0.002482,0.0022566,0.0020516,0.0020516,0.0022566,0.0022566,0.0021517,0.0022566,0.0022566,0.002482,0.002482,0.0021517,0.0022566,0.0020516,0.0021517,0.0011049,0.0020516,0.0020516,0.0022566,0.00273,0.0021517,0.0023666,0.0015419,0.00273,0.0012152,0.0017786,0.0015419,0.0021517,0.002482,0.0021517,0.0022566,0.0020516,0.0022566,0.0011587,0.0004066,0.0021517,0.0007198,0.00273,0.0022566,0.0009133,0.0021517,0.0022566,0.0020516,0.0023666,0.00273,0.0340404,0.0023666,0.0016959,0.0014702,0.0026031,0.002482,0.0012152,0.0017786,0.0022566,0.0023666,0.0022566,0.0015419,0.0023666,0.0018653,0.0022566,0.0021517,0.0022566,0.002482,0.0020516,0.0022566,0.0022566,0.0038097,0.0021517,0.0023666,0.0023666,0.0020516,0.0026031,0.0021517,0.0026031,0.0023666,0.002482,0,0.0019563,0.0023666,0.0022566,0.0021517,0.0014702,0.0022566,0.0050693,0.0021517,0.0033027,0.0028631,0.0019563,0.0048336,0.002482,0.002482,0.0014018,0.0026031,0.0026031,0.0023666,0.0019563,0.0020516,0.0022566,0.0021517,0.0021517,0.0012745,0.0022566,0.002482,0.0022566,0.0014018,0.0004472,0.0022566,0.00273,0.0017786,0.0023666,0.0022566,0.0017786,0.0022566,0.0016959,0.0022566,0.0022566,0.0002296,0.0020516,0.0023666,0.002482,0.0018653,0.002482,0.0021517,0.0019563,0.0020516,0.0022566,0.002482,0.0023666,0.0022566,0.0000001,0.0003876,0.0021517,0.0026031,0.0023666,0.002482,0.0023666,0.0018653,0.0022566
17,0.5385305,0.4047189,0.6515006,0.6832678,0.6515006,0.5647893,0.6515006,0.6832678,0.6515006,0.6212104,0.3859023,0.5647893,0.3041562,0.6832678,0.0020516,1,0.6832678,0.3679605,0.6832678,0.5923284,0.424453,0.6515006,0.6832678,0.3679605,0.6832678,0.0041903,0.5923284,0.6832678,0.6212104,0.4451494,0.5923284,0.6515006,0.6832678,0.2765314,0.6832678,0.0017786,0.6515006,0.5647893,0.6515006,0.5385305,0.4668549,0.6832678,0.6832678,0.6832678,0.0764696,0,0.6515006,0.6515006,0.7515246,0.0000082,0.6515006,0.2285809,0.6832678,0.5923284,0.5385305,0.5385305,0.6212104,0.6515006,0.6212104,0.6515006,0.6832678,0.5923284,0.5923284,0.5647893,0.6515006,0.5923284,0.6212104,0.0000001,0.1637974,0.6832678,0.4896187,0.6832678,0.6832678,0.6212104,0.5647893,0.5647893,0.5647893,0.04982,0.5647893,0.6212104,0.6212104,0.6212104,0.6212104,0.6832678,0.6515006,0.6832678,0.6832678,0.3508529,0.6832678,0.6515006,0.7515246,0.5647893,0.6515006,0.3041562,0.6212104,0.5647893,0.6832678,0.5647893,0.6515006,0.6515006,0.5134926,0.5647893,0.3345407,0.5923284,0.4668549,0.6515006,0.6212104,0.6515006,0.6832678,0.3859023,0.6832678,0.3189869,0.007781,0.6515006,0.198158,0.6212104,0.6212104,0.2078202,0.5923284,0.6832678,0.6212104,0.5385305,0.135395,0.04982,0.6515006,0.5134926,0.1067141,0.5923284,0.6832678,0.3679605,0.5923284,0.2179535,0.6515006,0.6832678,0.2900151,0.6515006,0.5647893,0.6832678,0.6515006,0.6832678,0.6832678,0.6212104,0.6832678,0.6832678,0.1173746,0.6515006,0.5923284,0.6515006,0.6212104,0.6515006,0.6515006,0.6515006,0.6515006,0.6832678,0,0.5385305,0.6515006,0.6832678,0.6515006,0.4047189,0.6832678,0.0801983,0.6515006,0.0841087,0.4896187,0.5923284,0.135395,0.6832678,0.6832678,0.198158,0.6515006,0.6515006,0.6515006,0.5923284,0.6212104,0.6832678,0.6515006,0.716584,0.3859023,0.6832678,0.7515246,0.6832678,0.135395,0.1230978,0.6832678,0.6212104,0.5385305,0.6515006,0.6832678,0.156182,0.6832678,0.5134926,0.6832678,0.6832678,0.0020516,0.6212104,0.716584,0.6832678,0.5647893,0.6212104,0.4451494,0.5385305,0.6212104,0.6832678,0.6832678,0.6515006,0.6212104,0.0000003,0.0547969,0.6515006,0.6515006,0.5385305,0.6832678,0.6515006,0.5134926,0.6832678
18,0.6515006,0.4896187,0.788169,0.8266001,0.788169,0.6832678,0.788169,0.8266001,0.788169,0.7515246,0.4668549,0.7515246,0.3679605,0.8266001,0.0020516,0.6832678,1,0.4451494,0.8266001,0.716584,0.5134926,0.788169,0.8266001,0.4451494,0.8266001,0.0050693,0.716584,0.8266001,0.7515246,0.5385305,0.716584,0.788169,0.8266001,0.3345407,0.8266001,0.0021517,0.788169,0.6832678,0.788169,0.6515006,0.5647893,0.8266001,0.8266001,0.8266001,0.092511,0,0.788169,0.788169,0.8266001,0.0000109,0.788169,0.2765314,0.8266001,0.716584,0.6515006,0.6515006,0.6832678,0.788169,0.7515246,0.788169,0.8266001,0.716584,0.716584,0.6212104,0.788169,0.716584,0.7515246,0.0000001,0.198158,0.8266001,0.5923284,0.8266001,0.8266001,0.7515246,0.6832678,0.6832678,0.6832678,0.060271,0.6832678,0.7515246,0.7515246,0.7515246,0.7515246,0.8266001,0.788169,0.8266001,0.8266001,0.424453,0.8266001,0.788169,0.9091755,0.6832678,0.788169,0.3679605,0.7515246,0.6832678,0.8266001,0.6832678,0.716584,0.788169,0.5647893,0.6832678,0.4047189,0.6515006,0.5647893,0.788169,0.7515246,0.788169,0.8266001,0.4668549,0.8266001,0.3859023,0.0094132,0.788169,0.2397265,0.7515246,0.7515246,0.2285809,0.716584,0.8266001,0.7515246,0.6515006,0.1637974,0.060271,0.788169,0.6212104,0.1291,0.716584,0.8266001,0.4451494,0.8669052,0.2636746,0.788169,0.8266001,0.3189869,0.788169,0.6832678,0.8266001,0.788169,0.8266001,0.8266001,0.7515246,0.8266001,0.8266001,0.1173746,0.788169,0.716584,0.788169,0.7515246,0.788169,0.788169,0.788169,0.788169,0.8266001,0,0.6515006,0.788169,0.8266001,0.788169,0.4896187,0.8266001,0.1067141,0.788169,0.0841087,0.5923284,0.716584,0.1801604,0.7515246,0.8266001,0.2397265,0.788169,0.788169,0.788169,0.716584,0.7515246,0.8266001,0.788169,0.788169,0.4668549,0.8266001,0.8266001,0.8266001,0.1637974,0.1489206,0.8266001,0.7515246,0.716584,0.788169,0.8266001,0.188945,0.8266001,0.6832678,0.8266001,0.8266001,0.0030027,0.7515246,0.788169,0.8266001,0.6832678,0.7515246,0.5385305,0.5923284,0.7515246,0.8266001,0.7515246,0.788169,0.7515246,0.0000004,0.0662919,0.788169,0.788169,0.6515006,0.8266001,0.788169,0.6212104,0.8266001
19,0.3508529,0.2900151,0.4668549,0.4896187,0.4668549,0.4047189,0.4668549,0.4896187,0.4668549,0.4451494,0.3041562,0.4047189,0.2397265,0.4896187,0.0012152,0.3679605,0.4451494,1,0.5385305,0.424453,0.3041562,0.4668549,0.4896187,0.2636746,0.4896187,0.0033027,0.424453,0.4896187,0.4451494,0.3189869,0.424453,0.5134926,0.4896187,0.198158,0.4896187,0.0012745,0.4668549,0.4047189,0.4668549,0.3859023,0.3345407,0.4896187,0.4896187,0.4896187,0.0547969,0,0.4668549,0.4668549,0.4896187,0.0000059,0.4668549,0.1637974,0.4896187,0.424453,0.3859023,0.3859023,0.4047189,0.4668549,0.4451494,0.4668549,0.4896187,0.424453,0.424453,0.3679605,0.4668549,0.424453,0.4451494,0.0000001,0.1173746,0.4896187,0.3508529,0.4896187,0.4896187,0.4451494,0.4047189,0.4047189,0.4047189,0.0357002,0.4047189,0.4451494,0.4451494,0.4451494,0.4451494,0.4896187,0.4668549,0.4896187,0.4896187,0.2514156,0.4896187,0.4668549,0.4896187,0.4047189,0.4668549,0.2179535,0.4451494,0.4047189,0.4896187,0.4047189,0.424453,0.4668549,0.3041562,0.4047189,0.2397265,0.424453,0.3345407,0.4668549,0.4451494,0.4668549,0.4896187,0.3345407,0.4896187,0.2285809,0.0067454,0.4668549,0.156182,0.4451494,0.4451494,0.135395,0.424453,0.4896187,0.4451494,0.3859023,0.0970219,0.0357002,0.4668549,0.3679605,0.0841087,0.424453,0.4896187,0.2900151,0.3859023,0.156182,0.4668549,0.4896187,0.188945,0.4668549,0.4047189,0.4896187,0.4668549,0.4896187,0.4896187,0.4451494,0.4896187,0.4896187,0.0695243,0.4668549,0.424453,0.4668549,0.4451494,0.4668549,0.4668549,0.4668549,0.4668549,0.4896187,0,0.3859023,0.4668549,0.4896187,0.4668549,0.2900151,0.4896187,0.0574688,0.4668549,0.04982,0.3508529,0.424453,0.0970219,0.4451494,0.4896187,0.1419968,0.4668549,0.4668549,0.4668549,0.424453,0.4451494,0.4896187,0.4668549,0.4668549,0.2765314,0.4896187,0.4896187,0.4896187,0.1067141,0.0882099,0.5385305,0.4451494,0.3859023,0.4668549,0.4896187,0.1230978,0.4896187,0.3679605,0.4896187,0.4896187,0.0017786,0.4451494,0.4668549,0.4896187,0.4047189,0.4451494,0.3189869,0.3508529,0.4451494,0.5385305,0.4451494,0.4668549,0.4451494,0.0000002,0.0392666,0.4668549,0.4668549,0.3859023,0.4896187,0.4668549,0.3679605,0.4896187
