1,2,3,4,5,6,7,8,9,10,11,12,13,14,15,16,17,18,19,20,21,22,23,24,25,26,27,28,29,30,31,32,33,34,35,36,37,38,39,40,41,42,43,44,45,46,47,48,49,50,51,52,53,54,55,56,57,58,59,60,61,62,63,64,65,66,67,68,69,70,71,72,73,74,75,76,77,78,79,80,81,82,83,84,85,86,87,88,89,90,91,92,93,94,95,96,97,98,99,100,101,102,103,104,105,106,107,108,109,110,111,112,113,114,115,116,117,118,119,120,121,122,123,124,125,126,127,128,129,130,131,132,133,134,135,136,137,138,139,140,141,142,143,144,145,146,147,148,149,150,151,152,153,154,155,156,157,158,159,160,161,162,163,164,165,166,167,168,169,170,171,172,173,174,175,176,177,178,179,180,181,182,183,184,185,186,187,188,189,190,191,192,193,194,195,196,197,198,199,200,201,202,203,204,205,206,207,208,209,210,211,212,213,214,215,216,217
2,1,0.045134753,0.312486402,0.203127355,0.27089682,0.489528894,0.397804523,0.460095515,0.528803592,0.78435218,0.068607261,0.78435218,0,0.117310463,0.467683445,0.445148779,0.368878886,0.287510823,0.040465156,0.236179024,0.218682107,0,0.075518973,0,0.0759167,0,0.223765281,0,0,0.048888396,0.031279075,0.024574408,0.030969635,0.367531113,0.085514072,0.47572931,0.288653851,0.185025145,0.225343594,0.107137737,0.540842183,0.598435576,0.130016457,0,0.062924151,0.177603481,0.035833702,0,0.038112814,0.015323019,0.015082113,0,0.025044388,0,0,0.020403853,0.032979597,0.01479644,0,0,0,0.083669329,0.030293325,0.030293325,0,0.02535229,0.014783847,0,0.09487634,0.012773045,0.014112813,0,0.035123048,0.058982064,0.02535229,0.025651249,0.016824172,0.026386936,0.016761035,0,0,0,0,0,0.131037412,0.017267328,0.012686031,0,0.00957543,0.15305752,0.041563024,0,0.007474878,0,0.025231012,0.020311683,0,0,0.038079088,0.015243653,0,0.038079088,0.037306878,0.077110209,0.025799284,0.147333747,0.092848974,0.045046396,0.078593062,0.078593062,0.078593062,0,0,0.076107498,0,0.013447077,0,0,0.028918216,0.032157161,0.031856497,0.035957306,0.075985695,0.113878222,0.039359809,0.114246304,0.099663285,0,0,0.038576652,0,0,0.031609329,0.033379152,0,0,0.03603863,0,0,0,0,0,0,0,0,0,0.013543945,0,0,0,0.015441323,0.049672055,0,0,0.04667938,0.009533844,0,0,0,0,0,0.047567221,0.026879136,0,0,0,0,0.01351278,0,0.027409793,0.027338252,0.027409793,0,0.011581652,0.03946218,0.009600677,0,0,0,0.025031776,0.025031776,0,0,0,0,0,0.015441323,0.015441323,0,0,0,0,0,0,0,0,0,0,0,0,0,0.00961449,0.005272632,0,0.011625073,0,0,0,0,0,0,0,0,0,0.013563392,0
3,0.045134753,1,0.089198287,0.0159962,0.115367329,0.104921985,0.068554188,0.097858754,0.035142926,0,0,0,0,0,0.103733425,0.086353,0,0.150296071,0,0.046618707,0.034921573,0,0,0,0,0,0.034545469,0,0,0.014347552,0.074132078,0,0.061350546,0.032419205,0.102016107,0.115370138,0,0.086564455,0.05185683,0,0.054431914,0.110419461,0.058398043,0,0,0,0,0,0.086238425,0,0,0,0,0,0,0,0,0,0,0,0,0,0,0,0,0,0,0,0.069891781,0.117817805,0,0,0.136420384,0,0,0,0,0,0,0,0,0,0,0,0,0,0.056148675,0,0,0.259975767,0,0,0,0.153831689,0.103662625,0,0,0,0,0,0,0,0,0,0,0,0,0,0,0,0,0,0,0,0,0,0,0,0,0.083766418,0,0,0,0,0,0,0,0,0,0,0,0,0,0,0,0,0.046907165,0,0,0,0,0,0,0,0,0,0,0,0,0,0,0,0,0,0,0,0,0,0,0,0,0,0,0,0,0,0,0,0.054401491,0,0,0,0.054991332,0,0,0,0,0,0,0,0,0,0,0,0,0,0,0,0,0,0,0.054763285,0,0,0,0,0,0,0.109039112,0.109039112,0,0,0,0,0,0,0,0,0,0,0,0,0,0,0.078672834,0
4,0.312486402,0.089198287,1,0.146975528,0.645617483,0.2616086,0.190473375,0.463090605,0.378740796,0.415559265,0,0.415559265,0,0,0.278110738,0.261015219,0.369895849,0.380135927,0,0.637280078,0.05941589,0,0.121385641,0,0,0,0.052787842,0,0,0,0,0,0,0.303981782,0.108202562,0.325172119,0.254889376,0.584237933,0.389604683,0.083845776,0.436194063,0.484950569,0.144964387,0,0.099587057,0.092023755,0.11038472,0,0,0,0,0,0,0,0,0,0,0,0,0,0,0.083496304,0,0,0,0,0,0,0.087922333,0.075717143,0,0,0.10390832,0.103039236,0,0,0,0,0,0,0,0,0,0,0.10067676,0,0,0,0,0.082992672,0,0,0,0,0,0,0,0,0,0,0,0,0,0,0,0.223874144,0.132964828,0.143588181,0.136018351,0.136018351,0.136018351,0,0,0.096551336,0,0,0,0,0,0,0,0,0.123696895,0.2246754,0,0.103911935,0.10418883,0,0,0,0,0,0.083454011,0,0,0,0,0,0,0,0,0,0,0,0,0,0,0,0,0,0,0.108129567,0,0,0,0,0,0,0,0,0,0,0,0,0,0,0,0,0,0,0,0,0,0,0,0,0,0,0,0,0,0,0,0,0,0,0,0,0,0,0,0,0,0,0,0,0,0,0,0,0,0,0,0,0,0,0,0,0,0,0,0,0,0,0,0
5,0.203127355,0.0159962,0.146975528,1,0.128423291,0.335592211,0.167574688,0.241339995,0.226654635,0.210142664,0,0.210142664,0,0,0.202401259,0.190808576,0.166698892,0.084879034,0,0.105400262,0,0,0.049784463,0,0,0,0,0,0,0.023276794,0.007159076,0,0,0.211912252,0.098038451,0.18651527,0.112262203,0.08646524,0.071684237,0.041339163,0.223318733,0.220871214,0.006865295,0,0,0.043354589,0.023573587,0,0.025209153,0,0.003374701,0,0,0,0,0,0.012194804,0.012077006,0,0,0,0,0,0,0,0,0,0,0.017840722,0,0.004589575,0,0.023263928,0,0,0,0,0,0,0,0,0,0,0,0.071950435,0,0,0,0,0.031316512,0,0,0,0.009515004,0,0,0,0,0.025194393,0,0,0.025194393,0,0,0,0.052318172,0.051472868,0.029471428,0.051726097,0.051726097,0.051726097,0,0,0,0,0,0,0,0.018883186,0,0,0.042287126,0.049986868,0.050278446,0,0.044608514,0.044635072,0,0,0,0,0,0.009028029,0.021844631,0,0,0,0,0,0,0,0,0,0,0,0,0,0,0,0,0,0,0,0,0,0,0.00684361,0,0,0,0,0,0.018684725,0,0,0,0,0,0,0,0,0,0,0,0.025792503,0,0,0,0,0,0,0,0,0,0,0,0,0,0,0,0,0,0,0,0,0,0,0,0,0,0,0,0,0,0,0,0,0,0,0,0,0,0,0,0,0
6,0.27089682,0.115367329,0.645617483,0.128423291,1,0.247411535,0.174346419,0.305293209,0.315057866,0.330625042,0.089570537,0.330625042,0,0,0.254092624,0.23360582,0.151202324,0.346757959,0,0.421943675,0.057975894,0,0,0,0.085629814,0,0.05151858,0,0,0,0,0,0,0.211422691,0.145787609,0.272853394,0.084140465,0.567947397,0.203704928,0.08100647,0.317245157,0.415209063,0.140992874,0,0.17958845,0.163434741,0.106299184,0,0,0,0,0,0,0,0,0,0.153826836,0.053039112,0.031518412,0,0,0.081039541,0,0,0,0,0,0,0.113091,0.073132744,0,0,0.100280248,0.099323428,0,0,0,0,0,0,0,0,0,0,0,0,0,0,0,0.081317272,0.068576421,0,0,0,0,0,0,0,0,0,0,0,0,0.084004069,0,0.30366179,0.128168413,0.138010796,0.131003263,0.131003263,0.131003263,0,0,0.093281305,0,0,0,0,0,0,0,0,0,0.104408801,0,0.19229204,0.192786505,0,0,0.034968347,0,0,0.146057521,0,0,0,0,0,0,0.064826457,0,0,0,0,0,0,0,0,0.03341328,0.086666429,0,0.104044832,0,0,0,0,0,0,0,0,0,0,0,0,0,0,0,0,0,0,0,0,0,0,0,0,0,0,0,0,0,0,0,0,0,0,0,0,0,0,0,0,0,0,0,0,0,0,0,0,0,0,0,0,0,0,0,0,0,0,0,0,0,0,0,0
7,0.489528894,0.104921985,0.2616086,0.335592211,0.247411535,1,0.578147704,0.319661133,0.499550593,0.437113695,0.038460122,0.437113695,0,0.080340328,0.562344429,0.550244191,0.300713795,0.312414145,0.024627215,0.200759328,0.046207866,0,0.046580493,0.008535014,0.036279423,0.008523303,0.031544145,0,0.017653274,0.081206175,0.035300279,0.013937486,0.043451515,0.340484301,0.208037883,0.496268224,0.231255542,0.149344558,0.179123882,0.076592068,0.381726305,0.443744435,0.088425374,0,0.025871608,0.102464875,0.031468955,0,0.021551226,0,0,0,0.01408742,0,0,0.022817546,0.03930881,0.010320323,0.040117834,0.012430438,0,0.058028016,0.026387195,0.026387195,0,0.01418432,0.006272087,0,0.051212758,0.025048858,0.012068621,0,0.025056045,0.014048143,0.01418432,0.014277419,0.009430384,0.009476896,0.020759664,0,0.013738263,0.017944884,0.017847314,0,0.090487319,0.009568026,0.011125063,0.011337094,0,0.164129275,0.014797398,0.004147724,0.004142427,0.045535102,0.025515655,0.035464668,0.008545913,0.034989875,0.047696694,0.01426235,0.01426235,0.047696694,0,0.043642611,0.014323164,0.084151379,0.052338296,0.025117641,0.044158324,0.044158324,0.044158324,0.005318347,0.008552703,0.028351602,0,0,0.008552703,0,0.01608493,0.043904581,0.042802068,0.038955833,0.042667979,0.06450265,0.021944355,0.064716614,0.056433836,0.002924739,0.009568026,0.006371494,0.009391207,0,0.025907611,0.018619081,0.005298913,0,0.008407488,0.008552703,0,0.011510988,0.002890999,0,0,0,0,0,0,0.004147724,0,0.012766082,0,0,0,0,0.015372703,0,0,0,0,0,0,0.011431508,0.018815908,0,0,0.01242175,0,0,0,0,0,0,0.005306373,0,0.021976139,0.005314118,0,0,0,0,0,0,0,0,0,0.02146763,0,0,0,0,0,0,0,0,0,0,0,0,0,0,0,0,0,0,0,0,0,0,0,0,0,0,0,0,0,0
8,0.397804523,0.068554188,0.190473375,0.167574688,0.174346419,0.578147704,1,0.247286079,0.408526187,0.348657819,0.025566547,0.348657819,0,0.061398709,0.491824978,0.500659177,0.19382784,0.214749102,0.016356002,0.145975094,0.041243672,0,0.028318776,0.005648793,0.036828861,0.005643661,0.056702853,0.012899639,0.031674796,0.087856431,0.044403323,0.009311688,0.023430904,0.243734333,0.132164455,0.388006515,0.158075717,0.101329659,0.131936934,0.045721708,0.281837392,0.328689239,0.100996899,0.003854489,0.033715493,0.068974216,0.026526388,0,0.024700031,0.005640583,0.005607612,0.017802005,0.027096903,0.004965627,0.017815335,0.021282329,0.023421145,0.024547698,0.028679387,0,0,0.076709719,0.011211234,0.011211234,0.016259257,0.022298215,0.029992222,0.012937938,0.076026107,0.029453788,0.044661764,0.012937938,0.030196738,0.03495018,0.022298215,0.009462203,0.010001831,0.00348834,0.011751815,0.011186961,0.020265983,0.013233493,0.015899183,0.016753198,0.049161199,0,0.040498193,0.011743508,0.00192809,0.145514622,0,0.002742626,0.002740309,0.017564896,0.009404424,0.020854092,0.005653566,0.0199422,0.017824724,0,0,0.017824724,0,0.039050518,0.009482274,0.05639514,0.034874848,0.016659081,0.029383069,0.029383069,0.029383069,0,0.005656536,0.051210734,0.006329137,0.006313473,0.005656536,0,0.010657063,0.044778213,0.018965131,0.023988949,0.028384152,0.043070141,0.016472162,0.043214598,0.04254947,0,0.006329137,0.010044364,0.018526699,0.016119634,0.077186183,0.017285905,0.002737817,0,0.009987711,0,0,0.007620671,0,0,0,0,0,0.014928888,0,0.002742626,0,0.008462573,0,0.0177896,0,0,0.023078687,0,0.003508708,0,0,0,0,0.017621663,0.020600314,0,0,0.002729901,0,0,0.029922442,0.010079401,0.011992478,0.010079401,0.003510248,0,0.014567701,0,0,0,0,0,0,0.004958827,0.004965627,0,0,0.023812074,0,0,0,0,0.002740693,0,0,0,0,0,0,0,0.006985707,0.006985707,0,0,0.002742864,0.003512093,0.004253367,0,0.001932497,0,0,0,0,0,0,0,0,0
9,0.460095515,0.097858754,0.463090605,0.241339995,0.305293209,0.319661133,0.247286079,1,0.493898972,0.587601434,0,0.587601434,0,0.074101609,0.379763875,0.34648881,0.627840607,0.243715927,0,0.331792527,0.061360485,0,0.17545243,0,0,0,0,0,0,0,0.03869919,0,0,0.540578927,0.139254244,0.511660645,0.398407319,0.218594319,0.368438568,0.139944804,0.69753094,0.615208127,0,0,0,0.218491139,0.083931015,0,0.129175515,0,0,0,0,0,0,0,0.077571636,0,0,0,0,0.052022027,0,0,0,0,0,0,0.09489747,0,0,0,0.080133404,0,0,0,0,0,0,0,0,0,0,0,0.228912348,0,0,0,0,0.200585509,0,0,0,0,0,0,0,0,0.087238811,0,0,0.087238811,0,0,0,0.328172029,0.180609048,0.107846896,0.183765721,0.183765721,0.183765721,0,0,0,0,0,0,0,0.06977694,0,0,0.151437215,0.17799242,0.25988264,0.094265967,0.227181433,0.227648004,0,0,0,0,0,0,0.079818961,0,0,0,0,0,0,0,0,0,0,0,0,0,0,0,0,0,0,0,0,0,0,0,0,0,0,0,0,0.067141716,0,0,0,0,0,0,0,0,0,0,0,0.094855298,0,0,0,0,0,0,0,0,0,0,0,0,0,0,0,0,0,0,0,0,0,0,0,0.04646426,0.04646426,0,0,0,0,0,0,0,0,0,0,0,0,0,0,0,0
10,0.528803592,0.035142926,0.378740796,0.226654635,0.315057866,0.499550593,0.408526187,0.493898972,1,0.560307144,0.071596472,0.560307144,0,0.111083473,0.478715303,0.451868128,0.470912129,0.322913339,0.019479658,0.302733788,0.099217893,0,0.078775214,0,0.030773843,0,0.079618287,0.036347712,0.015358287,0.094030959,0.020348188,0.082571324,0,0.379154462,0.139081925,0.449105734,0.28299213,0.239249116,0.26630834,0.125109041,0.47390293,0.552715049,0.120585851,0,0.110025128,0.184822403,0.037388641,0.016109305,0.055101006,0.032008694,0.043311936,0.0361829,0.061836983,0,0.036259124,0,0.034415357,0.035423441,0.022929868,0.037337108,0.014171945,0.093938365,0.049383666,0.049383666,0.035553403,0.0626305,0.035392002,0.03665344,0.143746164,0.071328175,0.053876405,0.03665344,0.07172944,0.097044011,0.0626305,0.038772386,0.071123209,0.043507244,0.042940892,0.019668083,0.019421062,0.037287308,0.036910005,0.019460417,0.175279531,0.018040558,0.031829355,0,0,0.155354711,0,0,0,0.016359213,0,0.025452916,0.016109305,0.078513228,0.103260669,0.026734894,0.042652681,0.103260669,0,0.107767367,0.026949382,0.153471244,0.096841436,0.047034062,0.081998882,0.081998882,0.081998882,0,0.016133449,0.061732847,0,0,0.016133449,0,0.030201667,0.027256642,0.011356618,0.06715826,0.079283188,0.118718643,0.041097017,0.119101382,0.103902605,0,0,0,0,0.045533606,0.073881505,0.034850689,0,0,0,0,0.012128975,0,0,0,0,0.007851919,0,0.028078176,0,0,0,0,0,0.036112153,0,0.005530955,0,0,0.009991624,0,0,0,0,0,0.02969717,0,0,0.023299894,0,0,0.032724792,0,0,0,0,0.01209979,0.041208637,0,0,0,0,0,0,0,0,0,0,0,0,0,0,0,0,0,0,0,0,0,0,0,0,0,0,0,0,0,0,0,0,0,0,0,0,0,0,0,0,0
11,0.78435218,0,0.415559265,0.210142664,0.330625042,0.437113695,0.348657819,0.587601434,0.560307144,1,0.104364088,1,0,0.138059097,0.492797991,0.453979372,0.470220256,0.319358472,0.038681806,0.330225455,0,0,0.114286048,0,0.044535855,0,0.015628886,0,0,0.069334728,0.04631873,0,0,0.41691203,0.110398174,0.542160099,0.357561203,0.267131846,0.294744829,0.138432577,0.677462749,0.734315568,0.161117203,0,0.094544426,0.261383012,0.054399365,0,0.05738967,0,0,0,0,0,0,0.031132786,0.050147783,0,0,0,0,0.121964729,0.046348141,0.046348141,0,0,0,0,0.100503257,0,0.020807953,0,0.052778216,0.051474358,0,0,0,0,0,0,0,0,0,0,0.15651694,0,0,0,0,0.141291681,0,0,0,0,0.038373933,0,0,0,0.057313234,0,0,0.057313234,0,0.07884569,0,0.219304157,0.117896043,0.06896219,0.119233012,0.119233012,0.119233012,0,0,0.113751241,0,0,0,0,0,0.048270573,0.04759626,0.054684738,0.115358341,0.171138757,0.060264664,0.149627002,0.149829251,0,0,0,0,0,0.046072853,0.051077473,0,0,0,0,0,0,0,0,0,0,0,0,0,0,0,0,0,0.052714057,0,0,0,0,0,0,0,0,0,0,0,0,0,0,0,0,0,0,0,0,0,0,0.060504988,0,0,0,0,0,0,0,0,0,0,0,0,0,0,0,0,0,0,0,0,0,0,0,0,0,0,0,0,0,0,0,0,0,0,0,0,0,0,0,0,0
12,0.068607261,0,0,0,0.089570537,0.038460122,0.025566547,0,0.071596472,0.104364088,1,0.104364088,0,0.140137953,0.019535487,0.017468417,0,0,0,0,0,0,0,0,0.356691755,0,0,0,0,0,0,0,0,0,0,0.065055411,0,0,0,0,0,0.049550379,0,0,0.32208476,0.389577839,0,0,0,0,0,0,0,0,0,0,0,0,0,0,0,0,0,0,0,0,0,0,0.169922336,0,0,0,0,0,0,0,0,0,0,0,0,0,0,0,0,0,0,0,0,0,0,0,0,0,0,0,0,0,0,0,0,0,0,0.590254722,0,0,0,0,0,0,0,0,0,0,0,0,0,0,0,0,0,0,0,0,0,0,0,0,0,0,0,0,0,0,0,0,0,0,0,0,0,0,0,0,0,0,0,0,0,0,0,0,0,0,0,0,0,0,0,0,0,0,0,0,0,0,0,0,0,0,0,0,0,0,0,0,0,0,0,0,0,0,0,0,0,0,0,0,0,0,0,0,0,0,0,0,0,0,0,0,0,0,0,0,0,0,0,0,0,0,0,0,0,0,0,0
13,0.78435218,0,0.415559265,0.210142664,0.330625042,0.437113695,0.348657819,0.587601434,0.560307144,1,0.104364088,1,0,0.138059097,0.492797991,0.453979372,0.470220256,0.319358472,0.038681806,0.330225455,0,0,0.114286048,0,0.044535855,0,0.015628886,0,0,0.069334728,0.04631873,0,0,0.41691203,0.110398174,0.542160099,0.357561203,0.267131846,0.294744829,0.138432577,0.677462749,0.734315568,0.161117203,0,0.094544426,0.261383012,0.054399365,0,0.05738967,0,0,0,0,0,0,0.031132786,0.050147783,0,0,0,0,0.121964729,0.046348141,0.046348141,0,0,0,0,0.100503257,0,0.020807953,0,0.052778216,0.051474358,0,0,0,0,0,0,0,0,0,0,0.15651694,0,0,0,0,0.141291681,0,0,0,0,0.038373933,0,0,0,0.057313234,0,0,0.057313234,0,0.07884569,0,0.219304157,0.117896043,0.06896219,0.119233012,0.119233012,0.119233012,0,0,0.113751241,0,0,0,0,0,0.048270573,0.04759626,0.054684738,0.115358341,0.171138757,0.060264664,0.149627002,0.149829251,0,0,0,0,0,0.046072853,0.051077473,0,0,0,0,0,0,0,0,0,0,0,0,0,0,0,0,0,0.052714057,0,0,0,0,0,0,0,0,0,0,0,0,0,0,0,0,0,0,0,0,0,0,0.060504988,0,0,0,0,0,0,0,0,0,0,0,0,0,0,0,0,0,0,0,0,0,0,0,0,0,0,0,0,0,0,0,0,0,0,0,0,0,0,0,0,0
14,0,0,0,0,0,0,0,0,0,0,0,0,1,0,0,0,0,0,0,0,0,0,0,0,0,0,0,0,0,0,0,0,0,0,0,0,0,0,0,0,0,0,0,0,0,0,0,0,0,0,0,0,0,0,0,0,0,0,0,0,0,0,0,0,0,0,0,0,0,0,0,0,0,0,0,0,0,0,0,0,0,0,0,0,0,0,0,0,0,0,0,0,0,0,0,0,0,0,0,0,0,0,0,0,0,0,0,0,0,0,0,0,0,0,0,0,0,0,0,0,0,0,0,0,0,0,0,0,0,0,0,0,0,0,0,0,0,0,0,0,0,0,0,0,0,0,0,0,0,0,0,0,0,0,0,0,0,0,0,0,0,0,0,0,0,0,0,0,0,0,0,0,0,0,0,0,0,0,0,0,0,0,0,0,0,0,0,0,0,0,0,0,0,0,0,0,0,0,0,0,0,0,0,0,0,0,0,0,0,0,0,0,0,0,0,0
15,0.117310463,0,0,0,0,0.080340328,0.061398709,0.074101609,0.111083473,0.138059097,0.140137953,0.138059097,0,1,0.071271138,0.066968118,0.153682054,0.078058504,0,0,0,0,0,0,0,0,0.14458073,0,0.049428369,0.034180909,0.050476642,0,0,0.050441977,0,0.111270057,0.111792175,0,0.19833928,0,0.10844623,0.090994,0.117172001,0,0.139092489,0.263180218,0,0,0,0,0,0,0,0,0,0,0,0,0,0,0,0,0,0,0,0,0,0,0.211189709,0.065617083,0,0,0.037788463,0,0,0,0.159470234,0,0,0,0,0,0,0,0,0,0,0,0,0.059051845,0,0,0,0,0.149457572,0,0,0,0,0,0,0,0,0.264584504,0,0.182921002,0,0,0,0,0,0,0,0.131660347,0,0,0,0,0,0.137702884,0.188008983,0,0,0.201921645,0.248847914,0,0,0,0,0,0,0,0,0,0,0,0.042324314,0,0,0,0,0,0,0,0,0.161588576,0,0,0,0,0,0,0,0,0,0,0,0,0,0,0,0,0,0,0,0,0,0,0,0,0,0,0,0,0,0,0.051100931,0,0,0.167138969,0.167138969,0,0,0,0,0,0,0,0,0,0.065457268,0,0,0.116558199,0,0,0,0,0,0,0,0,0,0,0,0,0,0,0,0,0,0,0,0,0,0
16,0.467683445,0.103733425,0.278110738,0.202401259,0.254092624,0.562344429,0.491824978,0.379763875,0.478715303,0.492797991,0.019535487,0.492797991,0,0.071271138,1,0.905587015,0.315718567,0.274480776,0.028655741,0.214031027,0.02621729,0,0.049408683,0,0.019341356,0,0.024337704,0,0.036137784,0.071135532,0.036177899,0,0.030119121,0.464164421,0.381287727,0.570738967,0.243537744,0.172002271,0.198873294,0.088799637,0.421030191,0.49062589,0.122790157,0,0.052164031,0.103718393,0.03658724,0,0.031024526,0,0,0.016010692,0.008554649,0.00875638,0.008636581,0.026552307,0.021508217,0,0,0.014479685,0,0.088317055,0.030720705,0.030720705,0,0,0,0,0.039216747,0.017135188,0.007063705,0,0.023089927,0.022306077,0,0,0,0,0.013195484,0,0.007371898,0.011032063,0.010962302,0,0.071430353,0,0.012893525,0.019240504,0,0.198456976,0.017218447,0,0,0.076043007,0.041838047,0.01323707,0,0.01390478,0.03913465,0,0,0.03913465,0,0.019257176,0,0.097490374,0.051085015,0.029245744,0.051334433,0.051334433,0.051334433,0.006202641,0.009972093,0.054856802,0.011154973,0.011106406,0.009972093,0,0.018738061,0.044962663,0.049621049,0.041965943,0.049608038,0.074858349,0.025551522,0.065459623,0.073967919,0,0,0,0.01091537,0,0.038525825,0.030338916,0,0,0,0,0,0.013414771,0,0,0,0,0,0.004756252,0,0,0,0.007433999,0,0.022535742,0,0,0,0,0,0,0,0,0,0,0.018542623,0,0,0.014467897,0,0,0.004711111,0,0,0,0,0.007484319,0.025594625,0,0,0,0,0,0,0,0,0,0,0,0,0,0,0.007502427,0,0,0,0,0,0,0,0,0,0,0,0,0,0,0,0,0,0,0,0,0,0,0.006202641,0,0,0
17,0.445148779,0.086353,0.261015219,0.190808576,0.23360582,0.550244191,0.500659177,0.34648881,0.451868128,0.453979372,0.017468417,0.453979372,0,0.066968118,0.905587015,1,0.287416782,0.252750777,0.025614988,0.193781101,0.023709718,0,0.044211119,0,0.017313031,0,0.022014939,0,0.032358564,0.074151186,0.032469188,0.014486249,0.019366771,0.463561869,0.405787917,0.575932749,0.23062461,0.154943204,0.189589693,0.079593469,0.393155911,0.458545061,0.118841219,0,0.04672198,0.093167804,0.041465994,0,0.027779648,0,0,0,0.014648291,0,0,0.02373323,0.019233434,0,0.006493337,0.012932487,0,0.085694769,0.027449303,0.027449303,0,0.01475309,0,0,0.035230733,0.015355762,0.006343505,0,0.020680767,0.034569179,0.01475309,0.014853831,0,0,0.011802124,0,0.014288366,0.009858527,0.009802781,0,0.064202338,0,0.022143163,0.017211073,0,0.175796541,0.008787786,0,0,0.06188614,0.037412025,0.01183538,0,0.012471925,0.035043657,0,0,0.035043657,0,0.03177276,0.01490335,0.087432819,0.045719419,0.026129325,0.045919092,0.045919092,0.045919092,0.005534793,0.008900194,0.057753891,0.009956563,0.009917852,0.008900194,0,0.016734888,0.048905689,0.044478686,0.03752665,0.04437067,0.067046819,0.022828356,0.058629643,0.066246109,0,0,0,0.016320936,0.010908367,0.04598425,0.02710761,0,0,0,0,0,0.011977238,0,0,0,0,0,0.00425227,0,0,0,0,0,0.020147107,0,0,0,0,0,0,0,0,0,0,0.016578829,0,0,0.017207998,0,0,0.014966594,0,0,0,0,0.006680675,0.022862755,0,0,0,0,0,0,0,0,0,0,0,0,0,0,0,0,0,0,0,0,0,0,0,0,0,0,0,0,0,0,0,0,0,0,0,0,0,0.005534793,0,0,0
18,0.368878886,0,0.369895849,0.166698892,0.151202324,0.300713795,0.19382784,0.627840607,0.470912129,0.470220256,0,0.470220256,0,0.153682054,0.315718567,0.287416782,1,0.174395841,0.049775578,0.325318827,0.134494404,0,0.209785872,0.042351076,0.038201568,0.042064297,0.02662622,0,0.023428893,0.049715786,0,0,0,0.407449244,0.199067742,0.396031621,0.471809569,0.133644839,0.420141403,0.155763512,0.60714524,0.531827077,0,0,0,0.150560221,0,0,0.097678301,0,0,0,0,0,0,0,0,0,0,0.060804906,0,0.057202816,0,0,0,0,0,0,0.063366427,0,0,0,0,0,0,0,0,0,0,0,0,0,0,0,0.307662727,0,0,0,0,0.040422038,0,0,0,0,0.066713161,0,0,0.14678462,0.253470689,0.069375829,0.110681757,0.253470689,0,0,0,0.180831419,0,0,0,0,0,0,0,0,0,0,0,0,0.078821774,0,0,0.170134256,0.199773305,0.290088946,0.106310356,0,0,0,0,0,0,0,0,0,0,0,0,0,0,0,0,0,0,0,0,0,0,0,0,0,0,0,0,0,0.058472178,0,0,0,0,0,0,0,0.075475471,0,0,0.060597573,0,0,0,0,0,0,0,0,0.107060505,0,0,0,0,0,0,0,0,0,0,0,0,0,0,0,0.026505382,0,0,0,0,0,0,0,0,0,0,0,0,0,0,0,0,0,0,0,0,0,0,0,0,0
19,0.287510823,0.150296071,0.380135927,0.084879034,0.346757959,0.312414145,0.214749102,0.243715927,0.322913339,0.319358472,0,0.319358472,0,0.078058504,0.274480776,0.252750777,0.174395841,1,0.111413915,0.348383825,0.051623378,0,0,0,0,0,0.045913308,0,0.035922525,0.119999497,0.072811824,0,0.058601,0.199202401,0.100782567,0.357679959,0.306548412,0.354366113,0.350217874,0.138243624,0.354033227,0.449823568,0.15985982,0,0,0.083238569,0,0,0,0.039667923,0.03809277,0,0,0,0,0,0.046557892,0.044886366,0.02211517,0,0,0.061237194,0.077383116,0.077383116,0,0,0,0,0,0.062330655,0,0,0,0,0,0,0,0,0,0,0,0,0,0,0,0,0.042434373,0,0,0.122006195,0,0,0,0.085329861,0.050908867,0.088991284,0.04031903,0,0,0,0,0,0,0,0,0.188592133,0.192300476,0.115275984,0.195883115,0.195883115,0.195883115,0,0,0.076149533,0,0,0,0,0,0.077754149,0.07601933,0,0,0.092097144,0.100763763,0,0,0,0,0,0,0.077499366,0.075886654,0,0.024884893,0,0,0,0,0,0,0,0,0,0,0,0,0,0,0.029459077,0,0,0,0,0,0,0,0,0,0,0,0,0,0,0,0,0,0,0.045257719,0,0,0,0,0,0,0,0,0,0,0,0,0,0,0,0,0,0,0,0,0,0,0,0,0,0,0,0,0,0,0,0,0,0,0,0,0,0,0,0,0,0,0,0,0,0,0
20,0.040465156,0,0,0,0,0.024627215,0.016356002,0,0.019479658,0.038681806,0,0.038681806,0,0,0.028655741,0.025614988,0.049775578,0.111413915,1,0.069619787,0,0,0,0,0,0,0,0,0,0,0,0,0,0,0,0.030828617,0.07732805,0,0,0,0.051889493,0.042079858,0,0,0,0,0,0,0,0,0,0,0,0,0,0,0,0,0,0,0,0,0,0,0,0,0,0,0,0,0,0,0,0,0,0,0,0,0,0,0,0,0,0,0,0,0,0,0,0,0.256746739,0,0,0,0,0,0,0,0,0.303263476,0,0,0.305453076,0,0,0,0,0,0,0,0,0,0,0,0,0,0,0,0,0,0,0,0,0,0,0,0,0,0,0,0,0,0,0,0,0,0,0,0,0,0,0,0,0,0,0,0,0,0,0,0,0,0,0,0,0,0,0,0,0,0,0,0,0,0,0,0,0,0,0,0,0,0,0,0,0,0,0,0,0,0,0,0,0,0,0,0.406887439,0.406887439,0,0,0,0,0,0,0,0,0,0,0,0,0,0,0,0,0,0,0,0,0,0,0,0,0,0,0,0
21,0.236179024,0.046618707,0.637280078,0.105400262,0.421943675,0.200759328,0.145975094,0.331792527,0.302733788,0.330225455,0,0.330225455,0,0,0.214031027,0.193781101,0.325318827,0.348383825,0.069619787,1,0.055602412,0,0.143085304,0,0,0,0.058590928,0,0,0,0,0.024382204,0,0.276701142,0.113067021,0.228835356,0.215330852,0.49780339,0.339799852,0.097598057,0.316376623,0.351767389,0.163476468,0,0.116525065,0,0,0,0,0,0,0,0,0,0,0,0,0,0,0,0,0.095084537,0,0,0,0,0,0,0.100866914,0,0,0,0,0.12127945,0,0,0,0,0,0,0,0,0,0,0.187281687,0,0,0,0,0.075662614,0,0,0,0,0,0,0,0.079462438,0.086274761,0.098031646,0.098031646,0.086274761,0,0,0,0.259589109,0.156511085,0.171441326,0.160759116,0.160759116,0.160759116,0,0,0.112390317,0,0,0,0,0,0,0,0,0.146307737,0.262942785,0,0,0,0,0,0,0.018377699,0,0.095029694,0,0,0,0,0,0,0,0,0,0,0,0,0,0,0,0,0,0,0.128393712,0,0,0,0,0,0,0,0,0,0,0,0,0,0,0,0,0,0,0,0,0,0,0,0,0,0,0,0,0,0,0,0,0,0,0,0,0,0,0,0,0,0,0,0,0,0,0,0,0,0,0,0,0,0,0,0,0,0,0,0,0,0,0,0
22,0.218682107,0.034921573,0.05941589,0,0.057975894,0.046207866,0.041243672,0.061360485,0.099217893,0,0,0,0,0,0.02621729,0.023709718,0.134494404,0.051623378,0,0.055602412,1,0,0,0,0.100778548,0,0.541958264,0,0,0,0,0,0.055550043,0.029586813,0.032739908,0.029787079,0.058340709,0,0.072427108,0,0.04448165,0.038072549,0,0,0,0,0,0,0,0,0,0,0,0,0,0,0,0.056382215,0,0,0,0,0,0,0.03547728,0,0.091089989,0,0,0,0,0,0,0,0,0,0,0,0,0,0,0,0,0,0.110957344,0,0.077527759,0,0,0.116394461,0,0,0,0,0,0,0,0.135625681,0.148139646,0.106616202,0.170094812,0.148139646,0.039468264,0,0,0,0.057005731,0,0,0,0,0,0,0,0,0.056939641,0,0,0,0,0.052368476,0,0,0,0,0.05462464,0,0,0,0.112145495,0,0,0,0,0,0,0.142129655,0,0,0,0,0,0,0,0,0,0.058717881,0,0,0,0.067053082,0.060605504,0,0,0.103061388,0.040655981,0,0,0,0,0,0.111100423,0.107628926,0,0,0,0,0.058136591,0,0.116673638,0.115388309,0.116673638,0,0,0,0.041899812,0,0,0,0,0,0,0,0,0,0,0,0,0,0,0,0,0,0,0,0,0,0,0,0,0,0.042164172,0,0.0645761,0.050807792,0,0,0,0,0,0,0,0,0,0.05908515,0
23,0,0,0,0,0,0,0,0,0,0,0,0,0,0,0,0,0,0,0,0,0,1,0,0,0,0,0,0,0,0,0,0,0,0,0,0,0,0,0,0,0,0,0,0,0,0,0,0,0,0,0,0,0,0,0,0,0,0,0,0,0,0,0,0,0,0,0,0,0,0,0,0,0,0,0,0,0,0,0,0,0,0,0,0,0,0,0,0,0,0,0,0,0,0,0,0,0,0,0,0,0,0,0,0,0,0,0,0,0,0,0,0,0,0,0,0,0,0,0,0,0,0,0,0,0,0,0,0,0,0,0,0,0,0,0,0,0,0,0,0,0,0,0,0,0,0,0,0,0,0,0,0,0,0,0,0,0,0,0,0,0,0,0,0,0,0,0,0,0,0,0,0,0,0,0,0,0,0,0,0,0,0,0,0,0,0,0,0,0,0,0,0,0,0,0,0,0,0,0,0,0,0,0,0,0,0,0,0,0,0,0,0,0,0,0,0
24,0.075518973,0,0.121385641,0.049784463,0,0.046580493,0.028318776,0.17545243,0.078775214,0.114286048,0,0.114286048,0,0,0.049408683,0.044211119,0.209785872,0,0,0.143085304,0,0,1,0,0,0,0,0,0,0,0,0,0,0.11203733,0,0.091499019,0.118080491,0,0.166932822,0.315525761,0.152146824,0.124081932,0,0,0,0,0,0,0,0,0,0,0,0,0,0,0,0,0,0,0,0,0,0,0,0,0,0,0,0,0,0,0,0,0,0,0,0,0,0,0,0,0,0,0.48589637,0,0,0,0,0,0,0,0,0,0,0,0,0,0,0,0,0,0,0,0,0,0,0,0,0,0,0,0,0,0,0,0,0,0,0,0,0.454802549,0.924783815,0.392637815,0,0,0,0,0,0,0,0,0,0,0,0,0,0,0,0,0,0,0,0,0,0,0,0,0,0,0,0,0,0,0,0,0,0,0,0,0,0,0,0,0,0,0,0,0,0,0,0,0,0,0,0,0,0,0,0,0,0,0,0,0,0.084238918,0,0,0,0,0,0,0,0,0,0,0,0,0,0,0,0,0,0,0,0,0,0,0,0,0,0,0,0,0,0
25,0,0,0,0,0,0.008535014,0.005648793,0,0,0,0,0,0,0,0,0,0.042351076,0,0,0,0,0,0,1,0.246947252,0.6076657,0.064811014,0,0,0,0.072370682,0,0,0,0,0,0,0,0,0,0,0,0,0,0,0,0,0,0,0,0,0,0,0,0,0,0,0,0,0,0,0,0,0,0,0,0,0,0,0,0,0,0,0,0,0,0,0,0,0,0,0,0,0,0,0,0,0,0,0,0,0,0,0,0,0,0,0,0,0,0,0,0,0,0,0,0,0,0,0,0,0,0,0,0,0,0,0,0,0,0,0,0,0,0,0,0,0,0,0,0,0,0,0,0,0,0,0,0,0,0,0,0,0,0,0,0,0,0,0,0,0,0,0,0,0,0,0,0,0,0,0,0,0,0,0,0,0,0,0,0,0,0,0,0,0,0,0,0,0,0,0,0,0.449777347,0,0,0,0,0,0,0,0,0,0,0,0,0,0,0,0,0,0,0,0,0,0,0,0,0,0,0,0,0,0,0,0
26,0.0759167,0,0,0,0.085629814,0.036279423,0.036828861,0,0.030773843,0.044535855,0.356691755,0.044535855,0,0,0.019341356,0.017313031,0.038201568,0,0,0,0.100778548,0,0,0.246947252,1,0.237505605,0.22983599,0,0,0,0,0,0.195764689,0.029562902,0,0.035712717,0,0,0,0,0,0.048320219,0,0,0.276352806,0.195928446,0,0,0,0,0,0,0,0,0,0,0,0,0,0,0,0,0,0,0,0,0,0,0,0,0,0,0,0,0,0,0,0,0,0,0,0,0,0,0,0,0,0,0,0.127376764,0,0,0,0,0,0,0,0,0,0,0,0,0,0.282219527,0,0,0,0,0,0,0,0,0,0,0,0,0,0,0,0,0,0,0,0,0,0,0,0,0,0.37065846,0,0,0,0,0,0,0.306501686,0,0,0,0,0,0,0,0,0,0,0,0,0,0,0,0,0,0.50399752,0,0,0,0,0,0,0.631200689,0.325510624,0,0,0,0,0,0,0.425200765,0.408613072,0.425200765,0,0,0,0,0,0,0,0,0,0,0,0,0,0,0,0,0,0,0,0,0,0,0,0,0,0,0,0,0,0,0.130287396,0,0,0,0,0,0,0,0,0,0,0,0,0
27,0,0,0,0,0,0.008523303,0.005643661,0,0,0,0,0,0,0,0,0,0.042064297,0,0,0,0,0,0,0.6076657,0.237505605,1,0.064141808,0,0,0,0,0,0,0,0,0,0,0,0,0,0,0,0,0,0,0,0,0,0,0,0,0,0,0,0,0,0,0,0,0,0,0,0,0,0,0,0,0,0,0,0,0,0.129410819,0,0,0,0,0,0,0,0,0,0.19241431,0,0,0,0,0,0,0,0,0,0,0,0,0,0,0,0,0,0,0,0,0,0,0,0,0,0,0,0,0,0,0,0,0,0,0,0,0,0,0,0,0,0,0,0,0,0,0,0,0,0,0,0,0,0,0,0,0,0,0,0,0,0,0,0,0,0,0,0,0,0,0,0,0,0,0,0,0,0,0,0,0,0,0,0,0,0,0,0,0,0,0,0,0,0,0,0,0,0,0,0,0,0,0,0,0,0,0,0,0.407328893,0,0,0,0,0,0,0,0,0,0,0,0,0,0,0,0,0,0,0,0,0,0,0,0
28,0.223765281,0.034545469,0.052787842,0,0.05151858,0.031544145,0.056702853,0,0.079618287,0.015628886,0,0.015628886,0,0.14458073,0.024337704,0.022014939,0.02662622,0.045913308,0,0.058590928,0.541958264,0,0,0.064811014,0.22983599,0.064141808,1,0.140304922,0,0.017472374,0,0,0.128580961,0.054973433,0.034627411,0.026571382,0,0.072590422,0.128467723,0,0,0,0.125255821,0,0.096040673,0,0,0,0,0,0,0.13788063,0.131260012,0,0.138994069,0,0,0.182992502,0,0,0,0.02103827,0,0,0.129165782,0.137671433,0.182409438,0.144972605,0.188494615,0.165880937,0.107860132,0.144972605,0.123546516,0.128805046,0.137671433,0,0.105334595,0,0,0,0,0,0,0,0,0,0.06216943,0,0,0.181745029,0,0,0,0,0,0,0,0,0,0,0,0,0.038793526,0.096821607,0,0,0,0,0,0,0,0,0,0.09243771,0,0.0559465,0,0,0,0.095376104,0.051628772,0,0,0,0,0,0,0,0,0.140172272,0,0,0,0,0,0,0.139869777,0,0,0,0,0,0,0,0,0.106254673,0.057662315,0,0,0,0.06584516,0.059617,0,0,0.178148768,0.039940391,0,0,0,0,0,0.191812245,0.105883089,0,0,0,0,0.057101637,0,0.114624839,0.113384015,0.114624839,0,0,0,0,0,0,0,0.105083308,0.105083308,0,0,0,0,0,0,0,0,0,0,0,0,0,0,0,0,0,0,0,0,0.041395007,0,0,0,0,0,0,0,0,0,0,0,0,0.058016458,0
29,0,0,0,0,0,0,0.012899639,0,0.036347712,0,0,0,0,0,0,0,0,0,0,0,0,0,0,0,0,0,0.140304922,1,0,0,0,0,0,0,0,0,0,0,0,0,0,0,0,0,0,0,0,0,0,0,0,0.631203863,0.512796765,0,0.655232669,0,0,0.459389063,0,0,0,0,0,0,0.482250207,0.626843355,0.45415717,0.813352786,0.265679859,0.37530107,0.277554953,0.813352786,0.412245128,0.477259791,0.626843355,0,0,0,0,0,0,0,0,0,0,0,0,0,0,0,0,0,0,0,0,0,0,0,0,0,0,0,0,0,0,0,0,0,0,0,0,0,0,0,0,0,0,0,0,0,0,0,0,0,0,0,0,0,0,0,0,0,0,0,0,0.184813473,0,0,0,0,0,0,0,0,0,0,0,0,0,0,0,0,0,0,0,0,0,0,0,0,0,0,0,0,0,0,0,0,0,0,0,0,0.151662689,0,0,0,0,0,0,0,0,0,0,0,0,0,0,0,0,0,0,0,0,0,0,0,0,0,0,0,0,0,0,0,0,0,0,0,0,0,0,0,0,0,0,0
30,0,0,0,0,0,0.017653274,0.031674796,0,0.015358287,0,0,0,0,0.049428369,0.036137784,0.032358564,0.023428893,0.035922525,0,0,0,0,0,0,0,0,0,0,1,0.164762528,0.1699843,0,0,0,0.027626446,0,0,0,0,0,0,0,0,0,0,0,0,0,0,0,0,0,0,0,0,0,0,0,0,0,0,0.301441798,0,0,0,0,0,0,0,0,0,0,0,0,0,0,0,0,0,0,0,0,0,0,0,0,0,0,0,0,0,0,0,0,0,0.171683241,0.236893866,0,0,0,0,0,0,0,0,0,0,0,0,0,0,0,0,0,0.267257098,0.241912248,0,0,0,0,0,0,0,0,0,0,0,0,0,0,0.389872942,0,0,0,0,0,0,0,0,0,0,0,0,0,0,0,0,0,0,0,0,0,0,0,0,0,0,0,0,0,0,0,0,0,0,0,0,0,0,0,0,0,0,0,0,0,0,0,0,0,0,0,0,0,0,0,0,0,0,0,0.148481829,0,0,0,0,0,0,0,0,0,0,0,0,0,0,0,0,0,0,0,0,0,0,0,0,0
31,0.048888396,0.014347552,0,0.023276794,0,0.081206175,0.087856431,0,0.094030959,0.069334728,0,0.069334728,0,0.034180909,0.071135532,0.074151186,0.049715786,0.119999497,0,0,0,0,0,0,0,0,0.017472374,0,0.164762528,1,0.392800829,0,0,0,0.032619559,0.057639826,0,0,0.068248628,0.112724811,0.041090235,0.0741008,0,0,0,0,0,0,0,0,0,0,0,0,0,0,0,0,0,0,0,0.180571583,0.136487771,0.136487771,0,0,0.058991001,0,0,0,0,0,0,0,0,0,0,0,0,0,0,0,0,0,0.047175655,0,0.087770749,0.039553565,0,0.029771271,0,0,0,0,0,0,0,0,0,0,0,0,0,0,0,0,0,0,0,0,0,0,0,0,0,0,0,0,0,0,0,0,0,0,0,0,0,0,0,0,0.118294793,0.085321799,0.080336972,0,0.045019266,0,0,0,0,0,0,0,0,0,0.068202098,0,0,0,0,0,0,0,0,0,0,0,0,0.036457303,0.035995642,0,0,0,0,0,0,0,0,0,0.076528525,0,0,0,0,0,0,0,0,0,0,0,0,0,0,0,0,0,0,0,0,0,0.035625455,0,0,0,0,0,0,0,0,0,0,0,0,0,0,0,0,0,0,0,0,0,0,0,0,0
32,0.031279075,0.074132078,0,0.007159076,0,0.035300279,0.044403323,0.03869919,0.020348188,0.04631873,0,0.04631873,0,0.050476642,0.036177899,0.032469188,0,0.072811824,0,0,0,0,0,0.072370682,0,0,0,0,0.1699843,0.392800829,1,0,0,0,0,0.037557829,0.085402612,0,0,0,0.06039572,0.050017286,0.133914631,0,0,0,0,0,0.129146341,0,0,0,0,0,0,0,0,0,0,0,0,0.052529048,0,0,0,0,0,0,0.095645923,0,0,0,0,0,0,0,0,0,0,0,0,0,0,0,0,0,0,0,0,0.125877904,0,0,0,0,0,0,0,0,0,0,0,0,0,0,0,0,0,0,0,0,0,0,0,0.207449208,0,0,0,0,0,0.219806779,0.206485752,0,0,0,0,0,0,0,0,0,0.086202453,0,0,0,0,0,0,0,0,0,0,0,0,0,0,0,0,0,0,0,0,0,0,0,0,0,0,0,0,0,0,0,0,0,0,0,0,0,0,0,0,0,0,0,0,0,0,0,0,0,0,0,0,0.077054776,0,0,0,0,0,0,0,0,0,0,0,0,0,0,0.188025912,0.188025912,0,0,0,0,0,0,0,0,0,0,0,0,0,0,0,0
33,0.024574408,0,0,0,0,0.013937486,0.009311688,0,0.082571324,0,0,0,0,0,0,0.014486249,0,0,0,0.024382204,0,0,0,0,0,0,0,0,0,0,0,1,0,0,0,0,0.113357132,0,0,0,0,0,0,0,0,0,0,0.213787217,0.129886147,0.196670382,0.387172944,0,0.352993528,0,0,0,0,0.101443413,0.110416203,0.167016538,0.194001712,0,0,0,0,0.276596251,0,0,0,0,0.070350425,0,0,0.232624059,0.276596251,0.316890236,0,0,0,0,0,0,0,0,0,0,0,0,0,0,0,0,0,0.122000527,0,0,0,0.131696166,0,0,0,0,0,0.214164335,0.341067086,0,0,0,0,0,0,0,0,0,0,0,0,0,0,0,0,0,0,0,0,0,0,0,0,0,0,0,0,0,0,0,0,0,0.165027019,0,0,0,0,0.11200939,0,0.121099508,0,0,0,0,0,0,0,0,0,0.152068209,0,0,0,0,0,0,0,0,0,0,0,0,0,0,0,0,0,0,0,0,0,0,0,0,0,0,0,0,0,0,0,0,0,0,0,0,0,0,0,0,0,0,0,0,0,0,0,0,0,0,0,0,0,0,0,0,0,0,0,0
34,0.030969635,0.061350546,0,0,0,0.043451515,0.023430904,0,0,0,0,0,0,0,0.030119121,0.019366771,0,0.058601,0,0,0.055550043,0,0,0,0.195764689,0,0.128580961,0,0,0,0,0,1,0.05628128,0.030532668,0.022024209,0.052924076,0,0,0,0,0,0,0,0,0,0,0,0,0,0,0,0,0,0,0,0,0,0,0,0,0,0,0,0,0,0,0,0,0,0,0,0,0,0,0,0,0,0,0,0,0.189905661,0.16916426,0,0,0,0,0,0,0.094376418,0,0,0,0,0,0,0,0,0,0,0,0,0,0,0,0,0,0,0,0,0,0,0,0,0,0,0,0,0.072491728,0,0.316902452,0,0,0,0,0,0,0,0,0,0,0,0,0,0,0,0.163727333,0.244604713,0,0,0,0,0,0,0,0,0,0,0,0,0,0,0,0,0.20758127,0,0,0,0,0,0,0.257166561,0,0,0,0,0,0,0,0,0,0,0,0,0,0,0.149922287,0,0.155534986,0,0,0,0,0,0,0,0,0,0,0,0,0,0,0,0,0,0,0,0,0,0,0,0,0,0,0,0,0,0,0,0,0,0,0,0,0
35,0.367531113,0.032419205,0.303981782,0.211912252,0.211422691,0.340484301,0.243734333,0.540578927,0.379154462,0.41691203,0,0.41691203,0,0.050441977,0.464164421,0.463561869,0.407449244,0.199202401,0,0.276701142,0.029586813,0,0.11203733,0,0.029562902,0,0.054973433,0,0,0,0,0,0.05628128,1,0.463851118,0.546940796,0.331659339,0.184280033,0.223728756,0.112458889,0.473319463,0.428847979,0,0,0,0.145806945,0.053319255,0,0.056276761,0,0,0,0,0,0,0,0.049147448,0,0.024218185,0,0,0,0,0,0,0,0,0,0.038333375,0,0,0,0.051760921,0,0,0,0,0,0,0,0,0,0,0,0.187410917,0,0,0,0,0.102665591,0.022578018,0,0,0.041018788,0,0,0,0.058679526,0.092693103,0.038439661,0.038439661,0.092693103,0,0,0,0.215194104,0.115585363,0.067559769,0.116870153,0.116870153,0.116870153,0,0,0,0,0,0,0,0.043492348,0,0,0.095920276,0.11306765,0.167839068,0.059038649,0.146742905,0.146937428,0,0.026082455,0,0,0,0.022068939,0.050040088,0,0,0,0,0,0.031247532,0,0,0,0,0,0,0,0,0,0,0,0,0,0,0.02981924,0,0,0,0,0,0,0.030668699,0.042453763,0,0,0,0,0,0,0,0,0,0,0,0.059269275,0,0,0,0,0,0,0,0,0,0,0,0,0,0,0,0,0,0,0,0,0,0,0,0,0,0,0,0,0,0,0,0,0,0,0,0,0,0.014551447,0,0,0
36,0.085514072,0.102016107,0.108202562,0.098038451,0.145787609,0.208037883,0.132164455,0.139254244,0.139081925,0.110398174,0,0.110398174,0,0,0.381287727,0.405787917,0.199067742,0.100782567,0,0.113067021,0.032739908,0,0,0,0,0,0.034627411,0,0.027626446,0.032619559,0,0,0.030532668,0.463851118,1,0.286157534,0.164764539,0.129539701,0.071431777,0.045531555,0.101991313,0.13360624,0,0,0,0,0,0,0.063873392,0,0,0,0,0,0,0,0,0,0,0.038409432,0,0.064221191,0,0,0,0,0,0,0,0.0432112,0,0,0,0,0,0,0,0,0,0,0,0,0,0,0.096131069,0,0,0,0,0.126570984,0,0,0,0.077643833,0.066122515,0,0,0.074384923,0.141224347,0.043937273,0.043937273,0.141224347,0,0,0,0.059170226,0,0,0,0,0,0,0,0,0.029890465,0.029544279,0,0,0,0,0,0.048230209,0,0.061101783,0,0,0,0,0,0,0,0,0.032271162,0,0,0,0,0,0,0.035775082,0,0,0,0,0,0,0,0,0,0,0,0,0,0,0,0,0,0,0,0,0,0,0.048394999,0,0,0.038326597,0,0,0,0,0,0,0,0,0.067756206,0,0,0,0,0,0,0.012901054,0,0,0,0,0,0,0,0,0,0,0,0,0,0,0,0,0,0,0,0,0,0,0,0,0,0,0,0,0,0,0,0,0,0
37,0.47572931,0.115370138,0.325172119,0.18651527,0.272853394,0.496268224,0.388006515,0.511660645,0.449105734,0.542160099,0.065055411,0.542160099,0,0.111270057,0.570738967,0.575932749,0.396031621,0.357679959,0.030828617,0.228835356,0.029787079,0,0.091499019,0,0.035712717,0,0.026571382,0,0,0.057639826,0.037557829,0,0.022024209,0.546940796,0.286157534,1,0.405914929,0.146305373,0.304959855,0.109838479,0.554805212,0.597869966,0.123486235,0,0.035332616,0.143893671,0.061632732,0,0.046082258,0,0,0.01379108,0,0,0,0,0.040036626,0,0.033176612,0,0,0.045098058,0.036868738,0.036868738,0,0,0,0,0.058198227,0,0.012710078,0,0.042430929,0,0,0,0,0,0,0,0.016051223,0,0,0,0.127672775,0,0,0,0,0.113248058,0,0,0.009127274,0.073991811,0.05525232,0.024668957,0,0.019342568,0.046032961,0,0,0.046032961,0,0.063350392,0,0.13414485,0.094464339,0.054837816,0.095320748,0.095320748,0.095320748,0,0.018859775,0.055922772,0,0,0.018859775,0,0.035246731,0.078360619,0.03839343,0.078131901,0.092185057,0.093415474,0.04791783,0.081361704,0.081450095,0,0.021085732,0,0.013591545,0,0.032795849,0,0,0,0,0,0,0.025293371,0,0,0,0,0,0,0,0,0,0,0,0,0,0,0,0,0,0,0,0,0,0,0.034561519,0,0,0,0,0,0,0,0,0,0,0,0.048069643,0,0,0,0,0,0,0,0,0,0,0,0,0,0,0.014204718,0,0,0,0,0,0,0,0,0,0,0,0,0,0,0,0,0,0,0,0,0,0,0,0,0,0
38,0.288653851,0,0.254889376,0.112262203,0.084140465,0.231255542,0.158075717,0.398407319,0.28299213,0.357561203,0,0.357561203,0,0.111792175,0.243537744,0.23062461,0.471809569,0.306548412,0.07732805,0.215330852,0.058340709,0,0.118080491,0,0,0,0,0,0,0,0.085402612,0.113357132,0.052924076,0.331659339,0.164764539,0.405914929,1,0.063705436,0.411836154,0.077488511,0.476063432,0.4268453,0.072704777,0,0,0.168128659,0,0.049127587,0.174173528,0.096328609,0.091723432,0,0,0,0,0,0,0,0.037144615,0.041924165,0.04344095,0,0,0,0,0,0,0,0,0,0,0,0,0,0,0,0,0,0,0,0,0,0,0,0.193298848,0,0,0,0,0.053472944,0,0,0,0.029062441,0,0,0,0,0.110379219,0,0,0.110379219,0.022993317,0,0,0.103589449,0,0,0,0,0,0,0,0.090031144,0,0,0,0,0,0.092282756,0.115246836,0.085643999,0.120266462,0.222860086,0.121874369,0,0,0,0,0,0,0,0,0,0,0,0,0,0,0.065502955,0,0,0,0,0,0,0,0,0,0,0,0,0,0,0,0,0,0,0.016902168,0,0,0,0.086165,0,0,0,0,0,0,0,0,0,0,0,0.122861262,0,0,0,0,0,0,0.023707562,0,0,0.024115569,0.021478537,0,0,0,0,0,0,0,0.03055987,0,0,0,0,0,0,0,0,0,0,0,0,0,0,0,0,0.024227558,0,0,0,0,0
39,0.185025145,0.086564455,0.584237933,0.08646524,0.567947397,0.149344558,0.101329659,0.218594319,0.239249116,0.267131846,0,0.267131846,0,0,0.172002271,0.154943204,0.133644839,0.354366113,0,0.49780339,0,0,0,0,0,0,0.072590422,0,0,0,0,0,0,0.184280033,0.129539701,0.146305373,0.063705436,1,0.288226104,0.137026044,0.231537355,0.273997782,0.097925394,0.058755705,0.044914014,0.292255952,0.219539055,0,0,0,0,0,0,0,0,0,0,0,0,0,0,0,0,0,0,0,0,0,0,0.124390258,0,0,0.173355083,0,0,0,0,0,0,0,0,0,0,0,0,0,0,0,0,0.107522163,0,0,0,0,0,0,0,0,0,0,0,0,0,0,0,0.360474652,0.227046647,0.259878174,0.236097152,0.236097152,0.236097152,0,0,0,0,0,0,0,0,0,0,0,0,0.180569915,0,0.173365145,0.17413726,0,0,0,0,0,0,0,0,0,0,0,0,0,0,0,0,0,0,0,0,0,0,0,0,0,0,0,0,0,0,0,0,0,0,0,0,0,0,0,0,0,0,0,0,0,0,0,0,0,0,0,0,0,0,0,0,0,0,0,0,0,0,0,0,0,0,0,0,0,0,0,0,0,0,0,0,0,0,0,0,0,0,0,0,0,0,0,0,0
40,0.225343594,0.05185683,0.389604683,0.071684237,0.203704928,0.179123882,0.131936934,0.368438568,0.26630834,0.294744829,0,0.294744829,0,0.19833928,0.198873294,0.189589693,0.420141403,0.350217874,0,0.339799852,0.072427108,0,0.166932822,0,0,0,0.128467723,0,0,0.068248628,0,0,0,0.223728756,0.071431777,0.304959855,0.411836154,0.288226104,1,0,0.374363557,0.319052614,0.185537628,0,0.104908205,0.224048142,0,0,0,0,0,0,0,0,0,0,0,0,0,0,0,0.083197234,0,0,0,0,0,0,0.088931347,0,0,0,0,0,0,0,0.116097568,0,0,0,0,0,0,0,0.130123517,0,0,0,0,0.103750831,0,0,0,0,0,0.088159273,0,0,0,0,0,0,0,0.105840705,0,0.30275862,0.182310689,0.202892538,0.188100564,0.188100564,0.188100564,0,0,0.100624036,0,0,0,0,0,0.176163015,0,0,0.171335436,0.310020987,0.177438172,0,0,0,0,0,0,0,0,0,0,0,0,0,0,0,0,0,0,0,0,0.117216277,0,0,0,0,0,0,0,0,0,0,0,0,0,0,0,0,0,0,0,0,0,0,0,0,0,0,0,0,0,0,0,0,0,0,0,0,0,0,0,0,0,0,0,0,0,0,0,0,0,0,0,0,0,0,0,0,0,0,0,0,0,0,0,0,0,0,0,0,0,0
41,0.107137737,0,0.083845776,0.041339163,0.08100647,0.076592068,0.045721708,0.139944804,0.125109041,0.138432577,0,0.138432577,0,0,0.088799637,0.079593469,0.155763512,0.138243624,0,0.097598057,0,0,0.315525761,0,0,0,0,0,0,0.112724811,0,0,0,0.112458889,0.045531555,0.109838479,0.077488511,0.137026044,0,1,0.125195823,0.149828641,0,0,0,0,0,0,0,0,0,0,0,0,0,0,0,0,0,0,0,0.153536774,0.321971141,0.321971141,0,0,0,0,0,0,0,0,0,0,0,0,0,0,0,0,0,0,0,0,0.197322039,0,0,0,0,0,0.152131666,0,0,0,0,0,0,0,0,0,0,0,0,0,0,0,0,0,0,0,0,0,0,0,0,0,0,0,0,0,0,0.616572511,0.333683061,0,0,0,0,0,0,0,0,0,0,0,0,0,0,0,0,0,0,0,0,0,0,0,0,0,0,0,0,0,0,0,0,0,0,0,0,0,0,0,0.277404579,0,0,0,0,0,0,0,0,0,0,0,0,0,0,0,0,0,0,0,0,0,0,0,0,0,0,0,0,0,0,0,0,0,0,0,0,0,0,0,0,0,0,0,0,0,0,0,0,0,0,0,0,0
