1,2,3,4,5,6,7,8,9,10,11,12,13,14,15,16,17,18,19,20,21,22,23,24,25,26,27,28,29,30,31,32,33,34,35,36,37,38,39,40,41,42,43,44,45,46,47,48,49,50,51,52,53,54,55,56,57,58,59,60,61,62,63,64,65,66,67,68,69,70,71,72,73,74,75,76,77,78,79,80,81,82,83,84,85,86,87,88,89,90,91,92,93,94,95,96,97,98,99,100,101,102,103,104,105,106,107,108,109,110,111,112,113,114,115,116,117,118,119,120,121,122,123,124,125,126,127,128,129,130,131,132,133,134,135,136,137,138,139,140,141,142,143,144,145,146,147,148,149,150,151,152,153,154,155,156,157,158,159,160,161,162,163,164,165,166,167,168,169,170,171,172,173,174,175,176,177,178,179,180,181,182,183,184,185,186,187,188,189,190,191,192,193,194,195,196,197,198,199,200,201,202,203,204,205,206,207,208,209,210,211,212,213,214,215,216,217
2,1.00E+00,1.03E-01,9.79E-02,9.79E-02,1.07E-01,1.18E-01,1.07E-01,9.79E-02,1.17E-01,1.14E-01,9.79E-02,1.03E-01,9.78E-02,1.34E-01,5.54E-02,1.09E-01,1.43E-01,9.94E-02,1.29E-01,1.21E-01,1.18E-01,1.24E-01,9.79E-02,8.83E-02,1.29E-01,6.48E-02,1.21E-01,1.98E-01,1.24E-01,9.15E-02,1.16E-01,1.40E-01,1.29E-01,7.54E-02,9.79E-02,5.54E-02,9.79E-02,9.79E-02,9.79E-02,1.00E-01,9.97E-02,1.20E-01,1.07E-01,1.43E-01,7.16E-02,4.91E-02,1.40E-01,1.26E-01,1.20E-01,6.43E-02,1.17E-01,8.61E-02,1.43E-01,1.34E-01,9.79E-02,1.00E-01,1.58E-01,1.26E-01,5.01E-01,1.61E-01,1.29E-01,1.34E-01,9.79E-02,9.80E-02,1.46E-01,1.21E-01,1.08E-01,6.43E-02,7.99E-02,1.29E-01,1.02E-01,1.20E-01,1.29E-01,9.79E-02,1.18E-01,1.03E-01,1.03E-01,6.00E-02,1.32E-01,1.37E-01,9.79E-02,1.14E-01,9.79E-02,1.29E-01,9.79E-02,9.79E-02,1.29E-01,8.25E-02,1.43E-01,1.11E-01,1.27E-01,1.18E-01,1.26E-01,7.81E-02,1.24E-01,1.18E-01,5.07E-01,9.79E-02,1.34E-01,1.11E-01,1.03E-01,9.79E-02,9.62E-02,1.29E-01,1.09E-01,1.40E-01,9.79E-02,1.26E-01,9.79E-02,1.15E-01,1.07E-01,9.78E-02,1.33E-01,1.40E-01,8.32E-02,1.04E-01,1.24E-01,1.19E-01,9.79E-02,1.43E-01,1.24E-01,1.29E-01,6.81E-02,6.25E-02,1.40E-01,1.27E-01,7.66E-02,9.79E-02,1.10E-01,9.03E-02,2.46E-01,8.51E-02,1.26E-01,1.43E-01,1.03E-01,1.23E-01,1.18E-01,1.20E-01,1.26E-01,9.79E-02,1.29E-01,1.24E-01,1.34E-01,1.10E-01,6.64E-02,1.17E-01,1.12E-01,1.61E-01,1.24E-01,9.79E-02,1.11E-01,2.51E-01,1.40E-01,1.43E-01,6.43E-02,1.29E-01,1.26E-01,1.14E-01,1.11E-01,9.38E-02,1.10E-01,7.19E-02,1.40E-01,6.25E-02,9.79E-02,1.21E-01,7.72E-02,9.79E-02,1.43E-01,9.68E-02,9.79E-02,9.79E-02,1.95E-01,1.55E-01,1.08E-01,1.20E-01,1.61E-01,1.17E-01,7.91E-02,1.26E-01,1.20E-01,1.14E-01,7.72E-02,6.69E-02,1.43E-01,1.37E-01,1.29E-01,1.46E-01,1.98E-01,6.54E-02,1.20E-01,1.48E-01,1.43E-01,2.54E-01,7.81E-02,1.37E-01,1.26E-01,9.79E-02,1.32E-01,9.79E-02,1.07E-01,1.16E-01,9.79E-02,1.43E-01,9.79E-02,2.51E-01,1.37E-01,5.52E-02,7.00E-02,1.26E-01,6.54E-01,9.79E-02,1.29E-01,1.21E-01,1.27E-01,1.43E-01
3,1.03E-01,1.00E+00,9.79E-02,9.79E-02,8.44E-02,2.74E-01,8.96E-02,9.79E-02,9.42E-02,9.18E-02,9.78E-02,8.16E-02,9.77E-02,3.10E-01,4.30E-02,8.33E-02,1.13E-01,8.04E-02,1.05E-01,2.77E-01,3.21E-01,9.42E-02,9.79E-02,7.18E-02,1.05E-01,5.18E-02,9.81E-02,1.69E-01,1.00E-01,7.21E-02,2.59E-01,1.16E-01,1.05E-01,5.89E-02,9.79E-02,4.30E-02,9.79E-02,9.79E-02,9.79E-02,7.95E-02,2.36E-01,9.67E-02,8.42E-02,1.24E-01,5.75E-02,3.71E-02,1.16E-01,1.03E-01,9.67E-02,5.14E-02,9.42E-02,6.94E-02,3.47E-01,3.34E-01,9.79E-02,7.95E-02,1.29E-01,1.03E-01,1.33E-01,1.35E-01,1.05E-01,3.34E-01,9.79E-02,8.16E-02,1.16E-01,9.81E-02,8.60E-02,5.14E-02,6.43E-02,2.84E-01,8.14E-02,2.45E-01,1.05E-01,9.79E-02,9.59E-02,8.16E-02,8.16E-02,4.68E-02,3.32E-01,3.36E-01,9.79E-02,1.53E-01,9.79E-02,2.84E-01,9.79E-02,9.79E-02,2.84E-01,6.47E-02,3.41E-01,8.84E-02,9.67E-02,9.59E-02,1.03E-01,6.10E-02,2.79E-01,9.59E-02,1.38E-01,9.79E-02,3.34E-01,9.09E-02,7.18E-02,9.79E-02,7.78E-02,1.07E-01,6.81E-01,1.16E-01,9.79E-02,1.03E-01,9.79E-02,9.47E-02,8.69E-02,9.78E-02,1.16E-01,1.16E-01,2.45E-01,8.20E-02,1.00E-01,9.89E-02,9.79E-02,3.41E-01,6.48E-01,3.30E-01,5.35E-02,5.19E-02,1.21E-01,1.05E-01,5.98E-02,9.79E-02,8.69E-02,7.19E-02,1.07E-01,2.47E-01,1.03E-01,1.18E-01,8.51E-02,2.78E-01,1.69E-01,2.45E-01,2.81E-01,9.79E-02,1.05E-01,1.00E-01,3.10E-01,8.69E-02,5.13E-02,9.42E-02,8.95E-02,1.35E-01,1.00E-01,9.79E-02,8.84E-02,1.16E-01,1.16E-01,3.41E-01,1.25E-01,1.11E-01,2.81E-01,9.09E-02,8.84E-02,7.48E-02,8.69E-02,5.78E-02,1.16E-01,4.89E-02,9.79E-02,1.72E-01,6.21E-02,9.79E-02,1.18E-01,3.03E-01,9.79E-02,9.79E-02,1.67E-01,4.22E-01,2.26E-01,9.67E-02,1.35E-01,9.42E-02,6.35E-02,2.80E-01,9.67E-02,9.09E-02,2.41E-01,5.35E-02,1.18E-01,3.36E-01,5.17E-01,1.16E-01,1.69E-01,4.94E-02,9.67E-02,1.24E-01,1.18E-01,1.18E-01,6.45E-02,1.13E-01,1.03E-01,9.79E-02,5.24E-01,9.79E-02,9.00E-02,9.00E-02,9.79E-02,1.18E-01,9.79E-02,1.16E-01,3.36E-01,4.29E-02,5.54E-02,2.81E-01,1.67E-01,9.79E-02,1.05E-01,2.71E-01,1.05E-01,3.41E-01
4,9.79E-02,9.79E-02,1.00E+00,9.79E-02,9.79E-02,9.79E-02,9.79E-02,9.79E-02,9.79E-02,9.79E-02,9.79E-02,9.79E-02,9.79E-02,9.79E-02,8.95E-02,9.79E-02,9.79E-02,9.79E-02,9.79E-02,9.79E-02,9.79E-02,9.79E-02,9.79E-02,9.79E-02,9.79E-02,8.98E-02,9.79E-02,9.79E-02,9.79E-02,9.79E-02,9.79E-02,9.79E-02,9.79E-02,9.79E-02,9.79E-02,8.95E-02,9.79E-02,9.79E-02,9.79E-02,9.79E-02,9.79E-02,9.79E-02,9.79E-02,9.79E-02,9.58E-02,8.92E-02,9.79E-02,9.79E-02,9.79E-02,8.92E-02,9.79E-02,9.78E-02,9.79E-02,9.79E-02,9.79E-02,9.79E-02,9.79E-02,9.79E-02,9.79E-02,9.79E-02,9.79E-02,9.79E-02,9.79E-02,9.79E-02,9.79E-02,9.79E-02,9.79E-02,8.92E-02,9.75E-02,9.79E-02,9.79E-02,9.79E-02,9.79E-02,9.79E-02,9.79E-02,9.79E-02,9.79E-02,9.44E-02,9.79E-02,9.79E-02,9.79E-02,9.79E-02,9.79E-02,9.79E-02,9.79E-02,9.79E-02,9.79E-02,9.79E-02,9.79E-02,9.79E-02,9.79E-02,9.79E-02,9.79E-02,9.79E-02,9.79E-02,9.79E-02,9.79E-02,9.79E-02,9.79E-02,9.79E-02,9.79E-02,9.79E-02,9.79E-02,9.79E-02,9.79E-02,9.79E-02,9.79E-02,9.79E-02,9.79E-02,9.79E-02,9.79E-02,9.79E-02,9.03E-02,9.79E-02,9.77E-02,9.79E-02,9.79E-02,9.77E-02,9.79E-02,9.79E-02,9.79E-02,9.79E-02,9.72E-02,9.44E-02,9.79E-02,9.79E-02,9.67E-02,9.79E-02,9.79E-02,9.79E-02,9.79E-02,9.78E-02,9.79E-02,9.79E-02,9.79E-02,9.79E-02,9.79E-02,9.79E-02,9.79E-02,9.79E-02,9.79E-02,9.79E-02,9.79E-02,9.79E-02,9.67E-02,9.79E-02,9.79E-02,9.79E-02,9.79E-02,9.79E-02,9.79E-02,9.79E-02,9.79E-02,9.79E-02,8.92E-02,9.79E-02,9.79E-02,9.79E-02,9.79E-02,9.79E-02,9.79E-02,9.59E-02,9.79E-02,9.58E-02,9.79E-02,9.79E-02,9.72E-02,9.79E-02,9.79E-02,9.77E-02,9.79E-02,9.79E-02,9.79E-02,9.79E-02,9.79E-02,9.79E-02,9.79E-02,9.79E-02,9.79E-02,9.79E-02,9.79E-02,9.79E-02,9.72E-02,9.70E-02,9.79E-02,9.79E-02,9.79E-02,9.79E-02,9.79E-02,9.75E-02,9.79E-02,9.79E-02,9.79E-02,9.79E-02,8.95E-02,9.79E-02,9.79E-02,9.79E-02,9.79E-02,9.79E-02,9.79E-02,9.79E-02,9.79E-02,9.79E-02,9.79E-02,9.79E-02,9.79E-02,8.92E-02,9.44E-02,9.79E-02,9.79E-02,9.79E-02,9.79E-02,9.79E-02,9.79E-02,9.79E-02
5,9.79E-02,9.79E-02,9.79E-02,1.00E+00,9.79E-02,9.79E-02,9.79E-02,9.79E-02,9.79E-02,9.79E-02,9.79E-02,9.79E-02,9.79E-02,9.79E-02,8.95E-02,9.79E-02,9.79E-02,9.79E-02,9.79E-02,9.79E-02,9.79E-02,9.79E-02,9.79E-02,9.79E-02,9.79E-02,8.98E-02,9.79E-02,9.79E-02,9.79E-02,9.79E-02,9.79E-02,9.79E-02,9.79E-02,9.79E-02,9.79E-02,8.95E-02,9.79E-02,9.79E-02,9.79E-02,9.79E-02,9.79E-02,9.79E-02,9.79E-02,9.79E-02,9.59E-02,8.92E-02,9.79E-02,9.79E-02,9.79E-02,8.92E-02,9.79E-02,9.78E-02,9.79E-02,9.79E-02,9.79E-02,9.79E-02,9.79E-02,9.79E-02,9.79E-02,9.79E-02,9.79E-02,9.79E-02,9.79E-02,9.79E-02,9.79E-02,9.79E-02,9.79E-02,8.92E-02,9.76E-02,9.79E-02,9.79E-02,9.79E-02,9.79E-02,9.79E-02,9.79E-02,9.79E-02,9.79E-02,9.45E-02,9.79E-02,9.79E-02,9.79E-02,9.79E-02,9.79E-02,9.79E-02,9.79E-02,9.79E-02,9.79E-02,9.79E-02,9.79E-02,9.79E-02,9.79E-02,9.79E-02,9.79E-02,9.79E-02,9.79E-02,9.79E-02,9.79E-02,9.79E-02,9.79E-02,9.79E-02,9.79E-02,9.79E-02,9.79E-02,9.79E-02,9.79E-02,9.79E-02,9.79E-02,9.79E-02,9.79E-02,9.79E-02,9.79E-02,9.79E-02,9.04E-02,9.79E-02,9.78E-02,9.79E-02,9.79E-02,9.78E-02,9.79E-02,9.79E-02,9.79E-02,9.79E-02,9.73E-02,9.45E-02,9.79E-02,9.79E-02,9.68E-02,9.79E-02,9.79E-02,9.79E-02,9.79E-02,9.78E-02,9.79E-02,9.79E-02,9.79E-02,9.79E-02,9.79E-02,9.79E-02,9.79E-02,9.79E-02,9.79E-02,9.79E-02,9.79E-02,9.79E-02,9.68E-02,9.79E-02,9.79E-02,9.79E-02,9.79E-02,9.79E-02,9.79E-02,9.79E-02,9.79E-02,9.79E-02,8.92E-02,9.79E-02,9.79E-02,9.79E-02,9.79E-02,9.79E-02,9.79E-02,9.60E-02,9.79E-02,9.59E-02,9.79E-02,9.79E-02,9.73E-02,9.79E-02,9.79E-02,9.78E-02,9.79E-02,9.79E-02,9.79E-02,9.79E-02,9.79E-02,9.79E-02,9.79E-02,9.79E-02,9.79E-02,9.79E-02,9.79E-02,9.79E-02,9.73E-02,9.71E-02,9.79E-02,9.79E-02,9.79E-02,9.79E-02,9.79E-02,9.75E-02,9.79E-02,9.79E-02,9.79E-02,9.79E-02,8.95E-02,9.79E-02,9.79E-02,9.79E-02,9.79E-02,9.79E-02,9.79E-02,9.79E-02,9.79E-02,9.79E-02,9.79E-02,9.79E-02,9.79E-02,8.92E-02,9.45E-02,9.79E-02,9.79E-02,9.79E-02,9.79E-02,9.79E-02,9.79E-02,9.79E-02
6,1.07E-01,8.44E-02,9.79E-02,9.79E-02,1.00E+00,1.05E-01,5.04E-01,9.79E-02,1.08E-01,1.04E-01,9.79E-02,9.15E-02,9.79E-02,1.27E-01,2.54E-02,9.04E-02,1.24E-01,7.98E-02,1.20E-01,1.08E-01,9.87E-02,1.08E-01,9.79E-02,7.44E-02,1.20E-01,3.36E-02,1.08E-01,1.78E-01,1.12E-01,7.64E-02,1.06E-01,1.28E-01,1.20E-01,5.50E-02,9.79E-02,2.54E-02,9.79E-02,9.79E-02,9.79E-02,8.82E-02,8.44E-02,2.73E-01,1.88E-01,1.32E-01,4.28E-02,1.47E-01,1.28E-01,1.24E-01,1.12E-01,3.31E-02,1.08E-01,6.21E-02,1.32E-01,1.20E-01,9.79E-02,8.82E-02,1.42E-01,1.16E-01,1.42E-01,1.46E-01,1.20E-01,1.20E-01,9.79E-02,8.50E-02,1.28E-01,1.08E-01,2.26E-01,3.31E-02,5.59E-02,1.20E-01,8.73E-02,1.12E-01,1.20E-01,9.79E-02,1.05E-01,9.15E-02,9.15E-02,3.15E-02,1.17E-01,1.24E-01,9.79E-02,1.04E-01,9.79E-02,1.20E-01,9.79E-02,9.79E-02,1.20E-01,6.44E-02,1.32E-01,1.03E-01,1.12E-01,1.05E-01,1.16E-01,1.89E-01,1.12E-01,1.05E-01,1.50E-01,9.79E-02,1.20E-01,1.08E-01,7.65E-02,9.79E-02,7.55E-02,1.13E-01,9.23E-02,1.28E-01,9.79E-02,1.16E-01,9.79E-02,9.38E-02,1.06E-01,9.79E-02,9.25E-02,1.28E-01,5.82E-02,9.50E-02,3.23E-01,8.69E-02,9.79E-02,1.32E-01,1.12E-01,1.13E-01,6.73E-01,4.02E-02,1.28E-01,1.10E-01,2.58E-01,9.79E-02,1.03E-01,7.19E-02,1.13E-01,6.07E-02,1.16E-01,2.87E-01,7.83E-02,1.18E-01,1.05E-01,1.12E-01,1.16E-01,9.79E-02,1.20E-01,1.20E-01,1.27E-01,3.71E-01,3.88E-02,1.08E-01,1.00E-01,1.46E-01,1.12E-01,9.79E-02,2.29E-01,1.28E-01,1.28E-01,1.32E-01,3.31E-02,1.13E-01,1.16E-01,1.07E-01,1.03E-01,2.38E-01,2.06E-01,2.55E-01,1.28E-01,3.40E-02,9.79E-02,1.08E-01,5.03E-02,9.79E-02,1.32E-01,7.00E-02,9.79E-02,9.79E-02,1.74E-01,1.38E-01,1.04E-01,1.12E-01,1.46E-01,1.08E-01,6.86E-02,1.22E-01,1.12E-01,1.35E-01,5.03E-02,2.02E-01,1.32E-01,1.24E-01,1.13E-01,1.28E-01,1.78E-01,3.97E-02,1.12E-01,1.28E-01,2.87E-01,1.32E-01,4.51E-02,1.24E-01,1.16E-01,9.79E-02,1.17E-01,9.79E-02,3.01E-01,9.52E-02,9.79E-02,1.32E-01,9.79E-02,1.28E-01,1.24E-01,2.52E-02,3.94E-02,1.16E-01,1.74E-01,9.79E-02,1.20E-01,1.17E-01,1.10E-01,1.32E-01
7,1.18E-01,2.74E-01,9.79E-02,9.79E-02,1.05E-01,1.00E+00,1.05E-01,9.79E-02,1.15E-01,1.11E-01,9.79E-02,9.92E-02,9.79E-02,3.31E-01,4.30E-02,9.93E-02,1.33E-01,9.19E-02,1.27E-01,2.95E-01,3.34E-01,1.15E-01,9.79E-02,8.32E-02,1.27E-01,5.19E-02,1.17E-01,1.91E-01,1.20E-01,8.60E-02,2.77E-01,1.36E-01,1.27E-01,6.75E-02,9.79E-02,4.31E-02,9.79E-02,9.79E-02,9.79E-02,9.63E-02,2.43E-01,1.18E-01,1.06E-01,1.39E-01,5.98E-02,3.71E-02,1.36E-01,1.23E-01,1.18E-01,5.14E-02,1.15E-01,7.66E-02,3.62E-01,3.52E-01,9.79E-02,9.63E-02,1.46E-01,1.23E-01,1.52E-01,1.56E-01,1.27E-01,3.52E-01,9.79E-02,9.35E-02,1.36E-01,1.17E-01,1.05E-01,5.14E-02,6.94E-02,6.69E-01,9.67E-02,2.67E-01,1.27E-01,9.79E-02,1.14E-01,9.92E-02,9.92E-02,4.83E-02,3.49E-01,3.56E-01,9.79E-02,1.72E-01,9.79E-02,3.05E-01,9.79E-02,9.79E-02,3.05E-01,7.56E-02,3.62E-01,1.09E-01,1.18E-01,1.14E-01,1.23E-01,7.05E-02,6.85E-01,1.14E-01,1.59E-01,9.79E-02,3.52E-01,1.11E-01,8.51E-02,9.79E-02,8.82E-02,1.24E-01,2.81E-01,1.36E-01,9.79E-02,1.23E-01,9.79E-02,1.07E-01,1.08E-01,9.79E-02,1.16E-01,1.36E-01,2.52E-01,1.01E-01,1.20E-01,1.05E-01,9.79E-02,3.62E-01,2.98E-01,3.47E-01,5.77E-02,5.35E-02,1.36E-01,1.39E-01,6.32E-02,9.79E-02,1.08E-01,8.33E-02,1.24E-01,2.54E-01,1.23E-01,1.39E-01,9.33E-02,2.98E-01,1.87E-01,2.67E-01,3.02E-01,9.79E-02,1.27E-01,1.20E-01,3.31E-01,1.08E-01,5.35E-02,1.15E-01,1.08E-01,1.56E-01,1.20E-01,9.79E-02,1.09E-01,1.36E-01,1.36E-01,3.62E-01,1.25E-01,1.24E-01,3.02E-01,1.12E-01,1.09E-01,8.74E-02,1.08E-01,6.03E-02,1.36E-01,5.05E-02,9.79E-02,1.90E-01,6.63E-02,9.79E-02,1.39E-01,3.09E-01,9.79E-02,9.79E-02,1.87E-01,7.07E-01,5.47E-01,1.18E-01,1.56E-01,1.15E-01,7.55E-02,3.02E-01,1.18E-01,1.12E-01,2.45E-01,5.64E-02,1.39E-01,3.56E-01,3.47E-01,1.36E-01,1.91E-01,5.42E-02,1.18E-01,1.41E-01,1.39E-01,1.39E-01,6.45E-02,1.33E-01,1.23E-01,9.79E-02,3.49E-01,9.79E-02,1.00E-01,1.05E-01,9.79E-02,1.39E-01,9.79E-02,1.36E-01,3.56E-01,4.29E-02,5.69E-02,6.81E-01,1.87E-01,9.79E-02,1.27E-01,2.91E-01,1.21E-01,3.62E-01
8,1.07E-01,8.96E-02,9.79E-02,9.79E-02,5.04E-01,1.05E-01,1.00E+00,9.79E-02,1.16E-01,1.04E-01,9.79E-02,9.15E-02,9.79E-02,1.27E-01,2.54E-02,9.04E-02,1.24E-01,7.98E-02,1.20E-01,1.08E-01,9.87E-02,1.08E-01,9.79E-02,7.44E-02,1.20E-01,3.36E-02,1.08E-01,1.87E-01,1.12E-01,7.64E-02,1.06E-01,1.28E-01,1.20E-01,5.50E-02,9.79E-02,2.54E-02,9.79E-02,9.79E-02,9.79E-02,8.82E-02,9.04E-02,2.73E-01,1.88E-01,1.40E-01,4.28E-02,1.47E-01,1.28E-01,1.16E-01,1.12E-01,3.31E-02,1.08E-01,6.21E-02,1.40E-01,1.20E-01,9.79E-02,8.82E-02,1.35E-01,1.16E-01,1.42E-01,1.46E-01,1.20E-01,1.20E-01,9.79E-02,9.15E-02,1.28E-01,1.08E-01,2.26E-01,3.31E-02,5.39E-02,1.20E-01,8.73E-02,1.12E-01,1.20E-01,9.79E-02,1.05E-01,9.15E-02,9.15E-02,3.15E-02,1.24E-01,1.24E-01,9.79E-02,1.04E-01,9.79E-02,1.20E-01,9.79E-02,9.79E-02,1.20E-01,6.44E-02,1.32E-01,1.03E-01,1.12E-01,1.05E-01,1.16E-01,1.85E-01,1.12E-01,1.05E-01,1.50E-01,9.79E-02,1.20E-01,1.08E-01,7.65E-02,9.79E-02,7.55E-02,1.13E-01,9.23E-02,1.28E-01,9.79E-02,1.16E-01,9.79E-02,9.38E-02,1.06E-01,9.79E-02,9.25E-02,1.28E-01,5.82E-02,9.50E-02,3.23E-01,8.69E-02,9.79E-02,1.32E-01,1.20E-01,1.13E-01,6.73E-01,4.02E-02,1.45E-01,1.10E-01,2.58E-01,9.79E-02,1.03E-01,7.19E-02,1.13E-01,6.07E-02,1.16E-01,2.87E-01,7.83E-02,1.18E-01,1.05E-01,1.12E-01,1.16E-01,9.79E-02,1.20E-01,1.12E-01,1.27E-01,3.71E-01,3.88E-02,1.08E-01,1.00E-01,1.46E-01,1.12E-01,9.79E-02,2.29E-01,1.28E-01,1.28E-01,1.32E-01,3.31E-02,1.20E-01,1.16E-01,1.07E-01,1.03E-01,2.38E-01,2.06E-01,2.55E-01,1.28E-01,3.40E-02,9.79E-02,1.08E-01,5.03E-02,9.79E-02,1.32E-01,7.00E-02,9.79E-02,9.79E-02,1.74E-01,1.38E-01,1.04E-01,1.12E-01,1.46E-01,1.08E-01,6.86E-02,1.22E-01,1.12E-01,1.35E-01,5.03E-02,2.03E-01,1.32E-01,1.24E-01,1.13E-01,1.28E-01,1.78E-01,3.97E-02,1.12E-01,1.28E-01,2.87E-01,1.32E-01,4.52E-02,1.24E-01,1.16E-01,9.79E-02,1.24E-01,9.79E-02,3.06E-01,9.52E-02,9.79E-02,1.32E-01,9.79E-02,1.28E-01,1.24E-01,2.52E-02,3.94E-02,1.16E-01,1.74E-01,9.79E-02,1.20E-01,1.17E-01,1.10E-01,1.32E-01
9,9.79E-02,9.79E-02,9.79E-02,9.79E-02,9.79E-02,9.79E-02,9.79E-02,1.00E+00,9.79E-02,9.79E-02,9.79E-02,9.79E-02,9.79E-02,9.79E-02,8.95E-02,9.79E-02,9.79E-02,9.79E-02,9.79E-02,9.79E-02,9.79E-02,9.79E-02,9.79E-02,9.79E-02,9.79E-02,8.98E-02,9.79E-02,9.79E-02,9.79E-02,9.79E-02,9.79E-02,9.79E-02,9.79E-02,9.79E-02,9.79E-02,8.95E-02,9.79E-02,9.79E-02,9.79E-02,9.79E-02,9.79E-02,9.79E-02,9.79E-02,9.79E-02,9.59E-02,8.92E-02,9.79E-02,9.79E-02,9.79E-02,8.92E-02,9.79E-02,9.78E-02,9.79E-02,9.79E-02,9.79E-02,9.79E-02,9.79E-02,9.79E-02,9.79E-02,9.79E-02,9.79E-02,9.79E-02,9.79E-02,9.79E-02,9.79E-02,9.79E-02,9.79E-02,8.92E-02,9.76E-02,9.79E-02,9.79E-02,9.79E-02,9.79E-02,9.79E-02,9.79E-02,9.79E-02,9.79E-02,9.45E-02,9.79E-02,9.79E-02,9.79E-02,9.79E-02,9.79E-02,9.79E-02,9.79E-02,9.79E-02,9.79E-02,9.79E-02,9.79E-02,9.79E-02,9.79E-02,9.79E-02,9.79E-02,9.79E-02,9.79E-02,9.79E-02,9.79E-02,9.79E-02,9.79E-02,9.79E-02,9.79E-02,9.79E-02,9.79E-02,9.79E-02,9.79E-02,9.79E-02,9.79E-02,9.79E-02,9.79E-02,9.79E-02,9.79E-02,9.79E-02,9.04E-02,9.79E-02,9.78E-02,9.79E-02,9.79E-02,9.77E-02,9.79E-02,9.79E-02,9.79E-02,9.79E-02,9.73E-02,9.45E-02,9.79E-02,9.79E-02,9.68E-02,9.79E-02,9.79E-02,9.79E-02,9.79E-02,9.78E-02,9.79E-02,9.79E-02,9.79E-02,9.79E-02,9.79E-02,9.79E-02,9.79E-02,9.79E-02,9.79E-02,9.79E-02,9.79E-02,9.79E-02,9.66E-02,9.79E-02,9.79E-02,9.79E-02,9.79E-02,9.79E-02,9.79E-02,9.79E-02,9.79E-02,9.79E-02,8.92E-02,9.79E-02,9.79E-02,9.79E-02,9.79E-02,9.79E-02,9.79E-02,9.60E-02,9.79E-02,9.56E-02,9.79E-02,9.79E-02,9.73E-02,9.79E-02,9.79E-02,9.78E-02,9.79E-02,9.79E-02,9.79E-02,9.79E-02,9.79E-02,9.79E-02,9.79E-02,9.79E-02,9.79E-02,9.79E-02,9.79E-02,9.79E-02,9.73E-02,9.71E-02,9.79E-02,9.79E-02,9.79E-02,9.79E-02,9.79E-02,9.75E-02,9.79E-02,9.79E-02,9.79E-02,9.79E-02,8.95E-02,9.79E-02,9.79E-02,9.79E-02,9.79E-02,9.79E-02,9.79E-02,9.79E-02,9.79E-02,9.79E-02,9.79E-02,9.79E-02,9.79E-02,8.92E-02,9.45E-02,9.79E-02,9.79E-02,9.79E-02,9.79E-02,9.79E-02,9.79E-02,9.79E-02
10,1.17E-01,9.42E-02,9.79E-02,9.79E-02,1.08E-01,1.15E-01,1.16E-01,9.79E-02,1.00E+00,1.63E-01,9.79E-02,1.42E-01,9.79E-02,1.36E-01,8.43E-02,1.49E-01,2.13E-01,8.95E-02,1.91E-01,1.18E-01,1.09E-01,1.67E-01,9.79E-02,1.34E-01,1.91E-01,4.34E-02,1.87E-01,2.00E-01,1.22E-01,1.27E-01,1.15E-01,1.38E-01,1.30E-01,1.06E-01,9.79E-02,8.43E-02,9.79E-02,9.79E-02,9.79E-02,1.46E-01,9.38E-02,1.21E-01,1.09E-01,2.21E-01,1.14E-01,2.90E-02,2.17E-01,1.87E-01,1.71E-01,1.04E-01,4.82E-01,7.19E-02,1.42E-01,1.30E-01,9.79E-02,1.39E-01,1.46E-01,1.87E-01,1.53E-01,1.57E-01,1.91E-01,1.30E-01,9.79E-02,1.36E-01,2.17E-01,1.87E-01,1.08E-01,1.04E-01,1.25E-01,1.30E-01,1.46E-01,1.21E-01,1.91E-01,9.79E-02,1.76E-01,1.42E-01,1.42E-01,9.04E-02,1.34E-01,1.34E-01,9.79E-02,1.13E-01,9.79E-02,1.30E-01,9.79E-02,9.79E-02,1.30E-01,1.15E-01,1.42E-01,1.53E-01,1.71E-01,1.76E-01,1.87E-01,6.76E-02,1.22E-01,1.76E-01,1.61E-01,9.79E-02,1.30E-01,1.63E-01,1.29E-01,9.79E-02,1.47E-01,3.15E-01,1.02E-01,3.29E-01,9.79E-02,1.26E-01,9.79E-02,2.96E-01,1.52E-01,9.79E-02,1.05E-01,2.17E-01,6.80E-02,1.40E-01,1.22E-01,2.04E-01,9.79E-02,1.42E-01,1.22E-01,1.24E-01,5.18E-02,8.67E-02,2.25E-01,1.99E-01,5.64E-02,9.79E-02,1.48E-01,8.13E-02,1.24E-01,7.05E-02,1.87E-01,1.42E-01,1.68E-01,1.89E-01,1.15E-01,1.21E-01,1.26E-01,9.79E-02,1.91E-01,1.83E-01,1.36E-01,1.12E-01,9.64E-02,1.67E-01,1.59E-01,1.57E-01,1.83E-01,9.79E-02,1.12E-01,1.38E-01,2.17E-01,1.42E-01,4.29E-02,1.24E-01,1.26E-01,1.57E-01,1.53E-01,8.60E-02,1.12E-01,5.30E-02,1.38E-01,9.29E-02,9.79E-02,1.18E-01,1.21E-01,9.79E-02,2.21E-01,8.04E-02,9.79E-02,9.79E-02,1.87E-01,1.49E-01,1.59E-01,1.21E-01,1.57E-01,1.67E-01,1.14E-01,1.93E-01,1.71E-01,1.16E-01,6.00E-02,5.02E-02,2.21E-01,1.34E-01,1.24E-01,1.38E-01,1.91E-01,9.03E-02,1.71E-01,1.39E-01,1.42E-01,1.42E-01,5.55E-02,2.13E-01,1.26E-01,9.79E-02,1.27E-01,9.79E-02,9.93E-02,1.66E-01,9.79E-02,1.42E-01,9.79E-02,1.38E-01,1.34E-01,8.41E-02,1.10E-01,1.26E-01,1.87E-01,9.79E-02,1.91E-01,1.73E-01,1.20E-01,1.42E-01
11,1.14E-01,9.18E-02,9.79E-02,9.79E-02,1.04E-01,1.11E-01,1.04E-01,9.79E-02,1.63E-01,1.00E+00,9.79E-02,1.39E-01,9.79E-02,1.32E-01,8.43E-02,1.46E-01,3.22E-01,8.74E-02,1.87E-01,1.15E-01,1.07E-01,1.63E-01,9.79E-02,1.31E-01,1.87E-01,4.34E-02,1.76E-01,1.87E-01,1.18E-01,1.24E-01,1.11E-01,1.34E-01,1.26E-01,1.04E-01,9.79E-02,1.55E-01,9.79E-02,9.79E-02,9.79E-02,1.36E-01,9.11E-02,1.17E-01,1.05E-01,2.17E-01,1.13E-01,2.90E-02,2.13E-01,1.83E-01,1.67E-01,1.04E-01,1.63E-01,7.05E-02,1.38E-01,1.27E-01,9.79E-02,1.36E-01,1.42E-01,1.83E-01,1.49E-01,1.53E-01,3.99E-01,1.27E-01,9.79E-02,1.33E-01,2.13E-01,1.76E-01,1.04E-01,1.04E-01,1.24E-01,1.26E-01,1.43E-01,1.17E-01,2.74E-01,9.79E-02,1.72E-01,1.39E-01,1.39E-01,9.01E-02,1.24E-01,1.30E-01,9.79E-02,1.10E-01,9.79E-02,1.26E-01,9.79E-02,9.79E-02,1.26E-01,1.13E-01,1.38E-01,2.09E-01,1.67E-01,1.72E-01,1.83E-01,6.58E-02,1.18E-01,1.72E-01,1.57E-01,9.79E-02,1.27E-01,1.59E-01,1.27E-01,9.79E-02,1.45E-01,1.99E-01,9.93E-02,2.13E-01,9.79E-02,1.22E-01,9.79E-02,1.81E-01,1.48E-01,9.79E-02,1.05E-01,2.13E-01,6.68E-02,1.36E-01,1.18E-01,2.03E-01,9.79E-02,1.38E-01,1.18E-01,1.20E-01,5.10E-02,8.64E-02,2.13E-01,1.96E-01,5.58E-02,9.79E-02,1.44E-01,7.91E-02,1.20E-01,6.92E-02,2.70E-01,1.38E-01,1.66E-01,1.85E-01,1.11E-01,1.17E-01,1.22E-01,9.79E-02,1.87E-01,1.79E-01,1.32E-01,1.08E-01,9.58E-02,1.63E-01,1.56E-01,1.53E-01,1.79E-01,9.79E-02,1.08E-01,1.34E-01,2.13E-01,1.38E-01,4.29E-02,1.20E-01,1.22E-01,1.53E-01,1.49E-01,8.36E-02,1.08E-01,5.26E-02,1.34E-01,9.25E-02,9.79E-02,1.15E-01,1.20E-01,9.79E-02,2.17E-01,7.92E-02,9.79E-02,9.79E-02,1.83E-01,1.46E-01,1.55E-01,1.17E-01,1.53E-01,1.63E-01,1.67E-01,1.89E-01,1.67E-01,1.12E-01,5.92E-02,4.95E-02,2.17E-01,1.30E-01,1.20E-01,1.34E-01,1.87E-01,8.94E-02,1.67E-01,1.36E-01,1.38E-01,1.38E-01,5.55E-02,2.09E-01,1.22E-01,9.79E-02,1.24E-01,9.79E-02,9.67E-02,1.63E-01,9.79E-02,1.38E-01,9.79E-02,1.34E-01,1.30E-01,8.41E-02,1.10E-01,1.22E-01,1.83E-01,9.79E-02,2.74E-01,1.69E-01,1.17E-01,1.38E-01
12,9.79E-02,9.78E-02,9.79E-02,9.79E-02,9.79E-02,9.79E-02,9.79E-02,9.79E-02,9.79E-02,9.79E-02,1.00E+00,9.79E-02,9.78E-02,9.79E-02,8.94E-02,9.79E-02,9.79E-02,9.78E-02,9.79E-02,9.79E-02,9.79E-02,9.79E-02,9.79E-02,9.78E-02,9.79E-02,8.96E-02,9.79E-02,9.79E-02,9.79E-02,9.79E-02,9.79E-02,9.79E-02,9.79E-02,9.75E-02,9.79E-02,8.94E-02,9.79E-02,9.79E-02,9.79E-02,9.79E-02,9.79E-02,9.79E-02,9.79E-02,9.79E-02,9.41E-02,8.92E-02,9.79E-02,9.79E-02,9.79E-02,8.92E-02,9.79E-02,9.72E-02,9.79E-02,9.79E-02,9.79E-02,9.79E-02,9.79E-02,9.79E-02,9.79E-02,9.79E-02,9.79E-02,9.79E-02,9.79E-02,9.79E-02,9.79E-02,9.79E-02,9.79E-02,8.92E-02,9.65E-02,9.79E-02,9.79E-02,9.79E-02,9.79E-02,9.79E-02,9.79E-02,9.79E-02,9.79E-02,9.28E-02,9.79E-02,9.79E-02,9.79E-02,9.79E-02,9.79E-02,9.79E-02,9.79E-02,9.79E-02,9.79E-02,9.78E-02,9.79E-02,9.79E-02,9.79E-02,9.79E-02,9.79E-02,9.76E-02,9.79E-02,9.79E-02,9.79E-02,9.79E-02,9.79E-02,9.79E-02,9.79E-02,9.79E-02,9.77E-02,9.79E-02,9.79E-02,9.79E-02,9.79E-02,9.79E-02,9.79E-02,9.78E-02,9.79E-02,9.77E-02,8.99E-02,9.79E-02,9.69E-02,9.79E-02,9.79E-02,9.68E-02,9.79E-02,9.79E-02,9.79E-02,9.79E-02,9.59E-02,9.28E-02,9.79E-02,9.79E-02,9.51E-02,9.79E-02,9.79E-02,9.79E-02,9.79E-02,9.71E-02,9.79E-02,9.79E-02,9.75E-02,9.79E-02,9.79E-02,9.79E-02,9.79E-02,9.79E-02,9.79E-02,9.79E-02,9.79E-02,9.79E-02,9.48E-02,9.79E-02,9.79E-02,9.79E-02,9.79E-02,9.79E-02,9.79E-02,9.79E-02,9.79E-02,9.79E-02,8.92E-02,9.79E-02,9.79E-02,9.79E-02,9.79E-02,9.79E-02,9.79E-02,9.42E-02,9.79E-02,9.37E-02,9.79E-02,9.79E-02,9.59E-02,9.79E-02,9.79E-02,9.71E-02,9.79E-02,9.79E-02,9.79E-02,9.79E-02,9.79E-02,9.79E-02,9.79E-02,9.79E-02,9.78E-02,9.79E-02,9.79E-02,9.79E-02,9.59E-02,9.59E-02,9.79E-02,9.79E-02,9.79E-02,9.79E-02,9.79E-02,9.72E-02,9.79E-02,9.79E-02,9.79E-02,9.79E-02,8.95E-02,9.79E-02,9.79E-02,9.79E-02,9.79E-02,9.79E-02,9.79E-02,9.79E-02,9.79E-02,9.79E-02,9.79E-02,9.79E-02,9.79E-02,8.92E-02,9.28E-02,9.79E-02,9.79E-02,9.79E-02,9.79E-02,9.79E-02,9.79E-02,9.79E-02
13,1.03E-01,8.16E-02,9.79E-02,9.79E-02,9.15E-02,9.92E-02,9.15E-02,9.79E-02,1.42E-01,1.39E-01,9.79E-02,1.00E+00,9.79E-02,1.19E-01,2.15E-01,2.71E-01,1.94E-01,7.75E-02,1.65E-01,1.02E-01,9.58E-02,2.86E-01,9.79E-02,1.16E-01,1.65E-01,3.75E-02,3.39E-01,1.72E-01,1.05E-01,1.06E-01,9.94E-02,1.21E-01,1.12E-01,6.44E-01,9.79E-02,7.07E-02,9.79E-02,9.79E-02,9.79E-02,1.17E-01,8.55E-02,1.04E-01,9.25E-02,1.94E-01,9.84E-02,2.36E-02,1.91E-01,1.62E-01,4.10E-01,9.00E-02,1.42E-01,6.22E-02,1.24E-01,1.14E-01,9.79E-02,1.17E-01,1.30E-01,2.37E-01,1.36E-01,1.39E-01,1.65E-01,1.14E-01,9.79E-02,1.14E-01,1.91E-01,4.93E-01,9.19E-02,9.00E-02,4.46E-01,1.12E-01,1.24E-01,1.04E-01,1.65E-01,9.79E-02,1.52E-01,1.19E-01,2.36E-01,3.41E-01,1.11E-01,1.17E-01,9.79E-02,9.74E-02,9.79E-02,1.12E-01,9.79E-02,9.79E-02,1.12E-01,9.59E-02,1.24E-01,1.29E-01,4.10E-01,4.90E-01,1.62E-01,5.71E-02,1.05E-01,3.36E-01,1.43E-01,9.79E-02,1.14E-01,2.84E-01,5.03E-01,9.79E-02,1.27E-01,1.78E-01,8.84E-02,1.91E-01,9.79E-02,1.09E-01,9.79E-02,1.62E-01,3.36E-01,9.79E-02,9.75E-02,1.91E-01,5.89E-02,2.98E-01,1.05E-01,1.85E-01,9.79E-02,1.24E-01,1.05E-01,1.08E-01,4.39E-02,1.89E-01,1.91E-01,1.76E-01,4.88E-02,9.79E-02,1.64E-01,6.95E-02,1.14E-01,6.10E-02,1.62E-01,1.24E-01,3.91E-01,1.66E-01,9.92E-02,1.04E-01,1.09E-01,9.79E-02,5.03E-01,3.42E-01,1.19E-01,9.50E-02,2.25E-01,2.86E-01,1.36E-01,1.39E-01,1.58E-01,9.79E-02,9.53E-02,1.21E-01,4.34E-01,1.24E-01,3.71E-02,1.08E-01,1.09E-01,1.32E-01,1.29E-01,7.35E-02,9.50E-02,4.68E-02,1.21E-01,2.22E-01,9.79E-02,1.02E-01,1.06E-01,9.79E-02,1.94E-01,7.09E-02,9.79E-02,9.79E-02,1.68E-01,1.33E-01,1.38E-01,1.04E-01,1.39E-01,1.42E-01,9.73E-02,1.70E-01,4.10E-01,9.87E-02,5.19E-02,4.26E-02,1.94E-01,1.17E-01,1.21E-01,1.21E-01,1.72E-01,7.45E-02,1.46E-01,1.43E-01,1.24E-01,1.24E-01,4.93E-02,1.87E-01,1.09E-01,9.79E-02,1.11E-01,9.79E-02,8.60E-02,1.44E-01,9.79E-02,1.24E-01,9.79E-02,1.21E-01,1.17E-01,7.05E-02,9.55E-02,1.09E-01,1.68E-01,9.79E-02,1.65E-01,1.51E-01,1.06E-01,1.24E-01
14,9.78E-02,9.77E-02,9.79E-02,9.79E-02,9.79E-02,9.79E-02,9.79E-02,9.79E-02,9.79E-02,9.79E-02,9.78E-02,9.79E-02,1.00E+00,9.79E-02,8.93E-02,9.78E-02,9.79E-02,9.77E-02,9.79E-02,9.79E-02,9.77E-02,9.79E-02,9.79E-02,9.76E-02,9.79E-02,8.96E-02,9.79E-02,9.79E-02,9.79E-02,9.78E-02,9.79E-02,9.79E-02,9.79E-02,9.71E-02,9.79E-02,8.94E-02,9.79E-02,9.79E-02,9.79E-02,9.79E-02,9.78E-02,9.79E-02,9.79E-02,9.79E-02,9.33E-02,8.92E-02,9.79E-02,9.79E-02,9.79E-02,8.92E-02,9.79E-02,9.67E-02,9.79E-02,9.79E-02,9.79E-02,9.79E-02,9.79E-02,9.79E-02,9.79E-02,9.79E-02,9.79E-02,9.79E-02,9.79E-02,9.78E-02,9.79E-02,9.79E-02,9.79E-02,8.92E-02,9.58E-02,9.79E-02,9.78E-02,9.79E-02,9.79E-02,9.79E-02,9.79E-02,9.79E-02,9.79E-02,9.21E-02,9.79E-02,9.79E-02,9.79E-02,9.79E-02,9.79E-02,9.79E-02,9.79E-02,9.79E-02,9.79E-02,9.75E-02,9.79E-02,9.79E-02,9.79E-02,9.79E-02,9.79E-02,9.73E-02,9.79E-02,9.79E-02,9.79E-02,9.79E-02,9.79E-02,9.79E-02,9.77E-02,9.79E-02,9.75E-02,9.79E-02,9.78E-02,9.79E-02,9.79E-02,9.79E-02,9.79E-02,9.76E-02,9.79E-02,9.75E-02,9.00E-02,9.79E-02,9.63E-02,9.79E-02,9.79E-02,9.67E-02,9.79E-02,9.79E-02,9.79E-02,9.79E-02,9.51E-02,9.21E-02,9.79E-02,9.78E-02,9.50E-02,9.79E-02,9.79E-02,9.79E-02,9.79E-02,9.66E-02,9.79E-02,9.79E-02,9.70E-02,9.79E-02,9.79E-02,9.79E-02,9.79E-02,9.79E-02,9.79E-02,9.79E-02,9.79E-02,9.79E-02,9.41E-02,9.79E-02,9.79E-02,9.79E-02,9.79E-02,9.79E-02,9.79E-02,9.79E-02,9.79E-02,9.79E-02,8.92E-02,9.79E-02,9.79E-02,9.79E-02,9.79E-02,9.77E-02,9.79E-02,9.37E-02,9.79E-02,9.30E-02,9.78E-02,9.79E-02,9.51E-02,9.79E-02,9.79E-02,9.63E-02,9.79E-02,9.79E-02,9.79E-02,9.79E-02,9.79E-02,9.79E-02,9.79E-02,9.79E-02,9.76E-02,9.79E-02,9.79E-02,9.79E-02,9.51E-02,9.48E-02,9.79E-02,9.79E-02,9.79E-02,9.79E-02,9.79E-02,9.59E-02,9.79E-02,9.78E-02,9.79E-02,9.79E-02,8.94E-02,9.79E-02,9.79E-02,9.79E-02,9.79E-02,9.79E-02,9.78E-02,9.78E-02,9.79E-02,9.79E-02,9.79E-02,9.79E-02,9.79E-02,8.92E-02,9.21E-02,9.79E-02,9.79E-02,9.79E-02,9.79E-02,9.79E-02,9.79E-02,9.79E-02
15,1.34E-01,3.10E-01,9.79E-02,9.79E-02,1.27E-01,3.31E-01,1.27E-01,9.79E-02,1.36E-01,1.32E-01,9.79E-02,1.19E-01,9.79E-02,1.00E+00,4.95E-02,1.18E-01,1.52E-01,1.06E-01,1.48E-01,5.02E-01,5.67E-01,1.36E-01,9.79E-02,9.73E-02,1.48E-01,5.78E-02,1.36E-01,2.07E-01,1.40E-01,1.03E-01,4.72E-01,1.56E-01,1.48E-01,8.07E-02,9.79E-02,4.95E-02,9.79E-02,9.79E-02,9.79E-02,1.16E-01,2.82E-01,1.40E-01,1.29E-01,1.60E-01,6.74E-02,4.39E-02,1.56E-01,1.44E-01,1.40E-01,5.73E-02,1.36E-01,8.77E-02,4.00E-01,5.90E-01,9.79E-02,1.16E-01,1.63E-01,1.44E-01,1.70E-01,1.74E-01,1.48E-01,3.88E-01,9.79E-02,1.12E-01,1.56E-01,1.36E-01,1.27E-01,5.73E-02,7.91E-02,3.47E-01,1.14E-01,3.11E-01,1.48E-01,9.79E-02,1.32E-01,1.19E-01,1.19E-01,5.59E-02,3.84E-01,3.92E-01,9.79E-02,2.02E-01,9.79E-02,3.47E-01,9.79E-02,9.79E-02,3.47E-01,9.06E-02,6.02E-01,1.31E-01,1.40E-01,1.32E-01,1.44E-01,8.43E-02,3.39E-01,1.32E-01,1.78E-01,9.79E-02,5.90E-01,1.32E-01,1.01E-01,9.79E-02,1.02E-01,1.41E-01,3.18E-01,1.56E-01,9.79E-02,1.44E-01,9.79E-02,1.21E-01,1.30E-01,9.79E-02,1.17E-01,1.56E-01,6.46E-01,1.23E-01,1.40E-01,1.13E-01,9.79E-02,4.00E-01,3.39E-01,3.81E-01,6.73E-02,5.94E-02,1.56E-01,1.38E-01,7.15E-02,9.79E-02,1.31E-01,9.83E-02,1.41E-01,6.48E-01,1.44E-01,1.60E-01,1.04E-01,3.35E-01,2.14E-01,3.11E-01,7.06E-01,9.79E-02,1.48E-01,1.40E-01,5.50E-01,1.31E-01,6.22E-02,1.36E-01,1.28E-01,1.74E-01,1.40E-01,9.79E-02,1.31E-01,1.56E-01,1.56E-01,6.02E-01,1.39E-01,1.41E-01,5.10E-01,1.35E-01,1.31E-01,1.03E-01,1.31E-01,6.79E-02,1.56E-01,5.85E-02,9.79E-02,2.18E-01,7.53E-02,9.79E-02,1.60E-01,5.37E-01,9.79E-02,9.79E-02,2.03E-01,4.69E-01,2.83E-01,1.40E-01,1.74E-01,1.36E-01,9.01E-02,3.39E-01,1.40E-01,1.35E-01,6.37E-01,6.57E-02,1.60E-01,3.92E-01,3.81E-01,1.56E-01,2.07E-01,6.47E-02,1.40E-01,1.56E-01,1.60E-01,1.60E-01,6.95E-02,1.52E-01,1.44E-01,9.79E-02,3.84E-01,9.79E-02,1.17E-01,1.22E-01,9.79E-02,1.60E-01,9.79E-02,1.56E-01,5.94E-01,4.93E-02,6.39E-02,3.43E-01,2.03E-01,9.79E-02,1.48E-01,3.28E-01,1.38E-01,4.00E-01
16,5.54E-02,4.30E-02,8.95E-02,8.95E-02,2.54E-02,4.30E-02,2.54E-02,8.95E-02,8.43E-02,8.43E-02,8.94E-02,2.15E-01,8.93E-02,4.95E-02,1.00E+00,4.00E-01,1.34E-01,4.30E-02,1.04E-01,4.31E-02,5.55E-02,2.56E-01,8.95E-02,8.70E-02,1.04E-01,4.29E-02,3.17E-01,1.04E-01,4.31E-02,7.07E-02,3.98E-02,5.54E-02,4.31E-02,2.15E-01,8.95E-02,8.41E-02,8.95E-02,8.95E-02,8.95E-02,7.07E-02,3.48E-02,3.48E-02,2.28E-02,1.34E-01,1.04E-01,2.90E-02,1.34E-01,1.04E-01,2.56E-01,1.04E-01,8.43E-02,4.30E-02,5.54E-02,5.55E-02,8.94E-02,7.07E-02,7.44E-02,1.92E-01,7.44E-02,7.44E-02,1.04E-01,5.54E-02,8.95E-02,7.07E-02,1.34E-01,3.17E-01,2.92E-02,1.04E-01,3.17E-01,4.31E-02,8.42E-02,3.48E-02,1.04E-01,8.95E-02,1.04E-01,7.08E-02,3.36E-01,2.59E-01,5.55E-02,5.54E-02,8.94E-02,3.48E-02,8.95E-02,4.31E-02,8.95E-02,8.95E-02,4.31E-02,7.08E-02,5.55E-02,7.07E-02,2.56E-01,3.17E-01,1.04E-01,2.91E-02,4.31E-02,3.17E-01,7.44E-02,8.95E-02,5.54E-02,3.82E-01,2.30E-01,8.95E-02,1.04E-01,1.34E-01,4.30E-02,1.34E-01,8.95E-02,4.31E-02,8.95E-02,1.34E-01,1.98E-01,8.93E-02,1.04E-01,1.34E-01,4.29E-02,1.86E-01,4.31E-02,1.80E-01,8.95E-02,5.54E-02,4.31E-02,5.54E-02,3.49E-02,3.32E-01,1.34E-01,1.34E-01,4.30E-02,8.95E-02,1.13E-01,3.47E-02,5.54E-02,4.31E-02,1.04E-01,5.54E-02,4.08E-01,1.06E-01,4.30E-02,3.48E-02,4.31E-02,8.95E-02,3.17E-01,4.95E-01,4.95E-02,2.54E-02,4.00E-01,4.00E-01,8.43E-02,7.44E-02,1.04E-01,8.95E-02,2.92E-02,5.55E-02,6.38E-01,5.55E-02,4.29E-02,5.54E-02,4.31E-02,7.07E-02,7.07E-02,3.48E-02,2.54E-02,4.34E-02,5.54E-02,4.00E-01,8.95E-02,4.31E-02,1.05E-01,8.95E-02,1.34E-01,5.53E-02,8.95E-02,8.95E-02,1.04E-01,7.43E-02,8.05E-02,3.48E-02,7.44E-02,8.43E-02,6.53E-02,1.06E-01,2.56E-01,2.93E-02,4.30E-02,3.47E-02,1.34E-01,5.55E-02,5.54E-02,5.54E-02,1.04E-01,7.07E-02,8.43E-02,7.43E-02,5.54E-02,5.54E-02,5.52E-02,1.34E-01,4.31E-02,8.95E-02,5.54E-02,8.95E-02,4.31E-02,1.04E-01,8.94E-02,5.54E-02,8.95E-02,5.54E-02,5.54E-02,8.41E-02,1.04E-01,4.31E-02,1.04E-01,8.95E-02,1.04E-01,9.09E-02,5.54E-02,5.54E-02
17,1.09E-01,8.33E-02,9.79E-02,9.79E-02,9.04E-02,9.93E-02,9.04E-02,9.79E-02,1.49E-01,1.46E-01,9.79E-02,2.71E-01,9.78E-02,1.18E-01,4.00E-01,1.00E+00,2.02E-01,7.97E-02,1.72E-01,1.02E-01,9.77E-02,3.21E-01,9.79E-02,1.24E-01,1.72E-01,4.33E-02,3.76E-01,1.73E-01,1.05E-01,1.15E-01,9.89E-02,1.20E-01,1.11E-01,2.42E-01,9.79E-02,8.42E-02,9.79E-02,9.79E-02,9.79E-02,1.24E-01,8.13E-02,1.03E-01,9.09E-02,2.02E-01,1.12E-01,2.90E-02,1.99E-01,1.69E-01,3.31E-01,1.04E-01,1.49E-01,6.57E-02,1.24E-01,1.14E-01,9.79E-02,1.24E-01,1.36E-01,2.57E-01,1.36E-01,1.39E-01,1.72E-01,1.14E-01,9.79E-02,1.27E-01,1.99E-01,3.76E-01,9.12E-02,1.04E-01,3.33E-01,1.11E-01,1.33E-01,1.03E-01,1.72E-01,9.79E-02,1.61E-01,1.27E-01,3.92E-01,2.61E-01,1.12E-01,1.17E-01,9.79E-02,9.67E-02,9.79E-02,1.11E-01,9.79E-02,9.79E-02,1.11E-01,1.06E-01,1.24E-01,1.36E-01,3.31E-01,3.73E-01,1.69E-01,5.94E-02,1.05E-01,3.73E-01,1.42E-01,9.79E-02,1.20E-01,4.47E-01,2.81E-01,9.79E-02,1.38E-01,1.93E-01,8.95E-02,1.99E-01,9.79E-02,1.08E-01,9.79E-02,1.73E-01,2.67E-01,9.79E-02,1.05E-01,1.99E-01,6.27E-02,2.48E-01,1.05E-01,2.01E-01,9.79E-02,1.24E-01,1.05E-01,1.09E-01,4.82E-02,3.34E-01,1.99E-01,1.85E-01,5.35E-02,9.79E-02,1.81E-01,7.14E-02,1.14E-01,6.47E-02,1.69E-01,1.24E-01,4.37E-01,1.71E-01,9.93E-02,1.03E-01,1.08E-01,9.79E-02,3.85E-01,8.12E-01,1.18E-01,9.35E-02,4.12E-01,4.65E-01,1.43E-01,1.39E-01,1.66E-01,9.79E-02,9.42E-02,1.20E-01,7.03E-01,1.24E-01,4.29E-02,1.09E-01,1.08E-01,1.39E-01,1.36E-01,7.51E-02,9.35E-02,5.09E-02,1.20E-01,4.08E-01,9.79E-02,1.02E-01,1.18E-01,9.79E-02,2.02E-01,7.50E-02,9.79E-02,9.79E-02,1.69E-01,1.33E-01,1.42E-01,1.03E-01,1.39E-01,1.56E-01,1.04E-01,1.74E-01,3.31E-01,9.74E-02,5.64E-02,4.69E-02,2.02E-01,1.17E-01,1.09E-01,1.20E-01,1.73E-01,8.61E-02,1.52E-01,1.25E-01,1.24E-01,1.24E-01,5.54E-02,1.96E-01,1.15E-01,9.79E-02,1.12E-01,9.79E-02,8.74E-02,1.58E-01,9.79E-02,1.24E-01,9.79E-02,1.20E-01,1.17E-01,8.41E-02,1.10E-01,1.08E-01,1.69E-01,9.79E-02,1.72E-01,1.56E-01,1.07E-01,1.24E-01
18,1.43E-01,1.13E-01,9.79E-02,9.79E-02,1.24E-01,1.33E-01,1.24E-01,9.79E-02,2.13E-01,3.22E-01,9.79E-02,1.94E-01,9.79E-02,1.52E-01,1.34E-01,2.02E-01,1.00E+00,1.09E-01,2.39E-01,1.36E-01,1.29E-01,2.13E-01,9.79E-02,1.74E-01,2.39E-01,6.48E-02,2.28E-01,2.15E-01,1.39E-01,1.73E-01,1.31E-01,1.57E-01,1.47E-01,1.53E-01,9.79E-02,2.47E-01,9.79E-02,9.79E-02,9.79E-02,1.84E-01,1.12E-01,1.38E-01,1.25E-01,2.72E-01,1.65E-01,4.91E-02,2.68E-01,2.35E-01,2.17E-01,1.56E-01,2.13E-01,9.19E-02,1.61E-01,1.50E-01,9.79E-02,1.84E-01,1.67E-01,2.35E-01,1.74E-01,1.78E-01,3.70E-01,1.50E-01,9.79E-02,1.81E-01,2.68E-01,2.28E-01,1.24E-01,1.56E-01,1.76E-01,1.47E-01,1.93E-01,1.38E-01,3.70E-01,9.79E-02,2.24E-01,1.87E-01,1.87E-01,1.40E-01,1.46E-01,1.53E-01,9.79E-02,1.30E-01,9.79E-02,1.47E-01,9.79E-02,9.79E-02,1.47E-01,1.62E-01,1.61E-01,6.46E-01,2.25E-01,2.24E-01,2.35E-01,8.59E-02,1.39E-01,2.24E-01,1.82E-01,9.79E-02,1.50E-01,1.98E-01,1.76E-01,9.79E-02,1.97E-01,2.54E-01,1.21E-01,2.68E-01,9.79E-02,1.43E-01,9.79E-02,2.36E-01,1.85E-01,9.79E-02,1.33E-01,2.68E-01,8.83E-02,1.84E-01,1.39E-01,2.63E-01,9.79E-02,1.61E-01,1.39E-01,1.43E-01,7.16E-02,1.25E-01,2.68E-01,2.51E-01,7.72E-02,9.79E-02,1.92E-01,9.97E-02,1.65E-01,9.07E-02,5.54E-01,1.61E-01,2.21E-01,2.27E-01,1.33E-01,1.38E-01,1.43E-01,9.79E-02,2.39E-01,2.31E-01,1.52E-01,1.28E-01,1.46E-01,2.13E-01,2.06E-01,1.78E-01,2.31E-01,9.79E-02,1.28E-01,1.57E-01,2.68E-01,1.61E-01,6.43E-02,1.43E-01,1.43E-01,2.02E-01,1.98E-01,1.04E-01,1.28E-01,7.50E-02,1.57E-01,1.42E-01,9.79E-02,1.36E-01,1.74E-01,9.79E-02,2.72E-01,1.02E-01,9.79E-02,9.79E-02,2.11E-01,1.71E-01,1.94E-01,1.38E-01,1.78E-01,2.13E-01,2.36E-01,2.31E-01,2.17E-01,1.32E-01,8.07E-02,7.01E-02,2.72E-01,1.53E-01,1.50E-01,1.57E-01,2.15E-01,1.38E-01,2.17E-01,1.67E-01,1.61E-01,1.61E-01,7.82E-02,2.64E-01,1.43E-01,9.79E-02,1.46E-01,9.79E-02,1.18E-01,2.15E-01,9.79E-02,1.61E-01,9.79E-02,1.57E-01,1.53E-01,1.34E-01,1.63E-01,1.43E-01,2.11E-01,9.79E-02,3.70E-01,2.10E-01,1.40E-01,1.61E-01
19,9.94E-02,8.04E-02,9.79E-02,9.79E-02,7.98E-02,9.19E-02,7.98E-02,9.79E-02,8.95E-02,8.74E-02,9.78E-02,7.75E-02,9.77E-02,1.06E-01,4.30E-02,7.97E-02,1.09E-01,1.00E+00,1.05E-01,9.39E-02,9.47E-02,8.95E-02,9.79E-02,6.91E-02,1.00E-01,2.30E-01,9.39E-02,1.64E-01,9.59E-02,6.90E-02,8.99E-02,2.07E-01,6.43E-01,5.69E-02,9.79E-02,4.30E-02,9.79E-02,9.79E-02,9.79E-02,7.56E-02,7.63E-02,9.18E-02,7.93E-02,1.13E-01,5.69E-02,3.71E-02,1.11E-01,9.81E-02,9.18E-02,5.14E-02,8.95E-02,6.78E-02,1.13E-01,1.07E-01,9.79E-02,7.56E-02,2.45E-01,9.81E-02,1.29E-01,2.51E-01,1.00E-01,1.07E-01,9.79E-02,7.39E-02,1.11E-01,9.39E-02,8.16E-02,5.14E-02,6.32E-02,1.00E-01,7.79E-02,9.18E-02,1.00E-01,9.79E-02,9.19E-02,7.75E-02,7.75E-02,4.64E-02,1.05E-01,1.09E-01,9.79E-02,8.74E-02,9.79E-02,1.00E-01,9.79E-02,9.79E-02,1.00E-01,6.22E-02,1.13E-01,8.37E-02,9.18E-02,9.19E-02,9.81E-02,5.89E-02,9.59E-02,9.19E-02,1.33E-01,9.79E-02,1.07E-01,8.62E-02,6.88E-02,9.79E-02,7.54E-02,1.07E-01,8.49E-02,1.11E-01,9.79E-02,9.81E-02,9.79E-02,9.77E-02,8.20E-02,9.76E-02,1.16E-01,1.11E-01,6.70E-02,7.76E-02,9.59E-02,9.76E-02,9.79E-02,1.13E-01,9.59E-02,1.03E-01,5.26E-02,1.20E-01,1.11E-01,1.01E-01,5.98E-02,9.79E-02,8.20E-02,1.33E-01,1.03E-01,6.70E-02,9.81E-02,1.13E-01,8.32E-02,9.74E-02,9.19E-02,9.18E-02,9.81E-02,9.79E-02,1.00E-01,9.59E-02,1.06E-01,8.20E-02,4.98E-02,8.95E-02,8.53E-02,2.51E-01,9.59E-02,9.79E-02,8.37E-02,1.11E-01,1.11E-01,1.13E-01,5.14E-02,1.03E-01,9.81E-02,8.60E-02,8.37E-02,7.19E-02,8.20E-02,5.72E-02,2.03E-01,4.78E-02,9.79E-02,9.39E-02,6.11E-02,9.79E-02,1.13E-01,7.85E-02,9.79E-02,9.79E-02,1.62E-01,1.26E-01,8.40E-02,1.53E-01,1.31E-01,8.95E-02,6.07E-02,9.97E-02,9.18E-02,8.60E-02,6.21E-02,5.17E-02,1.18E-01,1.09E-01,1.03E-01,3.34E-01,1.64E-01,4.94E-02,9.18E-02,1.21E-01,1.13E-01,1.13E-01,1.56E-01,1.09E-01,9.81E-02,9.79E-02,1.05E-01,9.79E-02,8.33E-02,8.65E-02,9.79E-02,5.29E-01,9.79E-02,1.11E-01,1.09E-01,4.29E-02,5.54E-02,9.81E-02,1.62E-01,9.79E-02,1.00E-01,9.57E-02,1.01E-01,1.13E-01
20,1.29E-01,1.05E-01,9.79E-02,9.79E-02,1.20E-01,1.27E-01,1.20E-01,9.79E-02,1.91E-01,1.87E-01,9.79E-02,1.65E-01,9.79E-02,1.48E-01,1.04E-01,1.72E-01,2.39E-01,1.05E-01,1.00E+00,1.30E-01,1.21E-01,1.91E-01,9.79E-02,1.53E-01,3.21E-01,5.20E-02,2.04E-01,2.06E-01,1.34E-01,2.25E-01,1.26E-01,1.51E-01,1.42E-01,1.27E-01,9.79E-02,1.04E-01,9.79E-02,9.79E-02,9.79E-02,1.62E-01,1.05E-01,1.34E-01,1.21E-01,3.78E-01,2.40E-01,3.71E-02,2.43E-01,2.12E-01,1.95E-01,3.80E-01,1.91E-01,8.18E-02,1.55E-01,1.43E-01,9.79E-02,1.62E-01,1.59E-01,2.12E-01,1.67E-01,1.71E-01,2.16E-01,1.43E-01,9.79E-02,1.58E-01,2.43E-01,2.04E-01,1.20E-01,2.30E-01,1.47E-01,1.42E-01,1.69E-01,1.34E-01,2.16E-01,9.79E-02,2.00E-01,1.65E-01,1.65E-01,1.11E-01,1.39E-01,1.47E-01,9.79E-02,1.26E-01,9.79E-02,1.42E-01,9.79E-02,9.79E-02,1.42E-01,1.37E-01,1.55E-01,1.77E-01,1.95E-01,2.00E-01,3.17E-01,7.75E-02,1.34E-01,2.00E-01,1.75E-01,9.79E-02,1.43E-01,1.83E-01,1.50E-01,9.79E-02,1.69E-01,2.28E-01,1.14E-01,2.43E-01,9.79E-02,1.38E-01,9.79E-02,2.07E-01,1.71E-01,9.79E-02,1.17E-01,2.43E-01,7.78E-02,1.63E-01,1.34E-01,2.29E-01,9.79E-02,1.55E-01,1.34E-01,1.36E-01,6.09E-02,1.03E-01,2.43E-01,3.56E-01,6.56E-02,9.79E-02,1.71E-01,9.67E-02,1.36E-01,8.04E-02,2.12E-01,1.55E-01,1.91E-01,2.10E-01,1.27E-01,1.34E-01,1.38E-01,9.79E-02,2.16E-01,2.08E-01,1.48E-01,1.24E-01,1.17E-01,1.91E-01,1.83E-01,1.71E-01,2.08E-01,9.79E-02,1.24E-01,1.51E-01,2.43E-01,1.55E-01,5.14E-02,1.36E-01,1.38E-01,1.81E-01,1.77E-01,9.67E-02,1.24E-01,6.21E-02,1.51E-01,1.13E-01,9.79E-02,1.30E-01,2.48E-01,9.79E-02,2.47E-01,9.07E-02,9.79E-02,9.79E-02,2.02E-01,1.63E-01,1.79E-01,1.34E-01,1.71E-01,1.91E-01,1.99E-01,2.14E-01,1.95E-01,1.28E-01,6.94E-02,5.92E-02,2.47E-01,1.47E-01,1.36E-01,1.51E-01,2.06E-01,1.11E-01,1.95E-01,1.52E-01,1.55E-01,1.55E-01,6.46E-02,5.57E-01,1.38E-01,9.79E-02,1.39E-01,9.79E-02,1.11E-01,1.90E-01,9.79E-02,1.55E-01,9.79E-02,1.51E-01,1.47E-01,3.16E-01,1.32E-01,1.38E-01,2.02E-01,9.79E-02,2.16E-01,2.76E-01,1.33E-01,1.55E-01
21,1.21E-01,2.77E-01,9.79E-02,9.79E-02,1.08E-01,2.95E-01,1.08E-01,9.79E-02,1.18E-01,1.15E-01,9.79E-02,1.02E-01,9.79E-02,5.02E-01,4.31E-02,1.02E-01,1.36E-01,9.39E-02,1.30E-01,1.00E+00,5.34E-01,1.18E-01,9.79E-02,8.52E-02,1.30E-01,5.20E-02,1.20E-01,1.94E-01,1.23E-01,8.84E-02,4.19E-01,1.39E-01,1.30E-01,7.56E-02,9.79E-02,4.31E-02,9.79E-02,9.79E-02,9.79E-02,1.05E-01,2.45E-01,1.22E-01,1.09E-01,1.43E-01,6.03E-02,3.71E-02,1.39E-01,1.27E-01,1.22E-01,5.14E-02,1.18E-01,7.78E-02,3.66E-01,5.50E-01,9.79E-02,1.05E-01,1.49E-01,1.27E-01,1.56E-01,1.59E-01,1.30E-01,3.62E-01,9.79E-02,1.02E-01,1.39E-01,1.20E-01,1.09E-01,5.14E-02,7.03E-02,3.09E-01,9.93E-02,2.70E-01,1.30E-01,9.79E-02,1.17E-01,1.02E-01,1.02E-01,4.92E-02,3.52E-01,3.59E-01,9.79E-02,1.76E-01,9.79E-02,3.09E-01,9.79E-02,9.79E-02,3.09E-01,7.75E-02,5.54E-01,1.12E-01,1.22E-01,1.17E-01,1.27E-01,7.21E-02,3.02E-01,1.17E-01,1.63E-01,9.79E-02,5.43E-01,1.15E-01,8.73E-02,9.79E-02,9.39E-02,1.26E-01,2.84E-01,1.39E-01,9.79E-02,1.27E-01,9.79E-02,1.09E-01,1.12E-01,9.79E-02,1.17E-01,1.39E-01,4.03E-01,1.05E-01,1.23E-01,1.06E-01,9.79E-02,3.66E-01,3.02E-01,3.56E-01,6.00E-02,5.43E-02,1.39E-01,1.29E-01,6.37E-02,9.79E-02,1.12E-01,8.53E-02,1.26E-01,4.07E-01,1.27E-01,1.43E-01,9.47E-02,3.02E-01,1.90E-01,2.70E-01,4.55E-01,9.79E-02,1.30E-01,1.23E-01,5.02E-01,1.12E-01,5.40E-02,1.18E-01,1.11E-01,1.59E-01,1.23E-01,9.79E-02,1.12E-01,1.39E-01,1.39E-01,5.54E-01,1.25E-01,1.26E-01,6.69E-01,1.16E-01,1.12E-01,8.95E-02,1.12E-01,6.07E-02,1.39E-01,5.09E-02,9.79E-02,1.93E-01,6.70E-02,9.79E-02,1.43E-01,4.98E-01,9.79E-02,9.79E-02,1.91E-01,4.44E-01,2.48E-01,1.22E-01,1.59E-01,1.18E-01,7.76E-02,3.05E-01,1.22E-01,1.16E-01,3.97E-01,5.71E-02,1.43E-01,3.59E-01,3.49E-01,1.39E-01,1.94E-01,5.51E-02,1.22E-01,1.43E-01,1.43E-01,1.43E-01,6.45E-02,1.36E-01,1.27E-01,9.79E-02,3.52E-01,9.79E-02,1.03E-01,1.08E-01,9.79E-02,1.43E-01,9.79E-02,1.39E-01,5.46E-01,4.29E-02,5.72E-02,3.05E-01,1.91E-01,9.79E-02,1.30E-01,2.94E-01,1.24E-01,3.66E-01
